0.4293389082263777
0.33585264908594814
0.187307565219366
-0.033934408801733346
0.4435595835766946
-0.15097329194800257
-0.015302506399236736
0.008624983743489419
0.09881846298262248
-0.17368285738984554
-0.3213755509654686
-0.2561543218789386
0.5003900093214503
0.5681551672526471
-0.05847567522586906
-0.19274549112734013
-0.34824506543892497
0.16685890367201353
-0.22583141975980695
0.09618290326553615
-0.05086856670626883
0.006694597880119021
-0.27045317383249007
-0.27330496988522324
-0.14763779814915076
0.18461593430989967
0.02256293227605865
0.09578668989324106
0.6836892614651965
-0.15707796890910908
0.1843107711096026
0.1952734024976348
-0.12155199253933163
-0.14582447982984523
-0.11160367098006721
-0.3277585221566634
0.43612115223075704
-0.32807473472114546
0.2492439861197468
-0.0886674915327039
0.23752681032181128
0.2351185860435765
0.02348874762624563
-0.3175118468321713
-0.16394662717667013
-0.28762877145508753
-0.2977356802966813
-0.08529985630522227
-0.25258432549992266
-0.41288702973731173
0.19167319934880545
0.10249732161736423
-0.009297908434745266
0.18577640438651807
0.2578223196834869
0.292103373288844
0.25712162734144556
-0.2142616320705923
-0.2907190569375801
0.3149878511164582
0.18800330727600267
-0.32754071703266585
-0.4924374047572903
0.13354482619671626
0.49144554301177623
-0.022404991125834425
-0.5257437693281508
-0.2885748914890065
0.12621405485605516
-0.1582007145154845
0.0142172945069786
0.4409725741397856
0.09552780640285591
0.3843897183585241
0.09463741037276438
0.24119922966097
-0.20534897680230843
0.021698504664589006
0.033157530549293865
-0.0005674033890531397
-0.20987944735379305
0.2212172554900777
0.24975922827423644
0.20558986031225543
-0.26917710301981224
-0.1870724896795795
-0.1790399029546903
-0.6110107893966613
-0.15782837653553297
-0.29060771157646376
-0.29359001924107114
-0.2236198746283918
0.4828788107339111
0.32482656211256294
-0.014275299327564262
0.12229402978761245
0.2937974037157923
0.0958727445074854
0.20029327101065864
-0.06985688651310071
0.49894139777929186
0.3088597814578748
-0.10650551813764718
-0.5338732649133882
0.33747323430166565
-0.43231160518264616
-0.05899598980500255
0.27173419140937227
-0.2455916459702637
0.11736850605136859
-0.37975108379234424
0.05193568029165129
-0.10677064008849166
-0.39728418062944093
0.16244125947249693
0.7391700994607066
-0.060654915928293286
-0.2522040053980938
0.3228703527529323
0.2926774482406073
0.46443779030248167
0.7292346299720732
-0.43384341115018143
0.039495024875645414
-0.08753173522430899
-0.352848977990775
0.230204289653877
0.33348176186909023
-0.2644058416792219
0.13807773373067622
-0.6025343344565276
-0.25048483047190495
-0.01947806304809141
-0.3024596407399243
-0.34030527455426496
0.3083754285929796
0.05374674594219863
-0.2631347980122569
-0.3898336884056161
-0.1486087413170105
-0.27843040548216635
0.09199123185789115
0.08451571911519
-0.015276999394784637
0.1919896416177613
0.16190826243665488
-0.39441825841895467
0.2771370733471956
0.8490554926369741
0.6254380563692147
-0.24975300381563686
-0.3917465943528554
0.24358110328218852
-0.40361455938377255
0.011787513838788106
0.2910656024928733
0.22176495296363058
0.43371354687876906
-0.21824243626743717
0.07987866670017331
0.20896268683602467
-0.35288710455589023
-0.10707157174237385
0.08343945298488048
-0.3864442604746033
-0.3386455444089602
0.31069302537264426
-0.0005871092661211652
-0.2780469386580619
0.11378029651517961
-0.1442651750439644
0.30557593279520723
-0.24745100698489766
0.21529489091745385
0.19746678186956929
-0.1893788758488972
0.27935245005530135
0.3804796542024564
-0.23443016668428832
-0.26778677909582893
-0.4658361760562642
-0.008657448316492967
-0.22506017186081445
0.043416280283428144
-0.8058988284214758
0.7514617828001334
-0.01520011336452946
0.045769080563533876
-0.015424064404973747
-0.26481117438096163
0.27939322756253376
0.03153662394484797
-0.04260752082786635
-0.43636738989097934
-0.15081626211675855
0.0829389874637869
-0.40462997845326903
0.1036384981389821
-0.2826412340721212
0.00437624746224064
0.14581406542148043
0.16707607237079877
-0.27049277043809067
-0.13988242911937493
-0.05166727300260819
-0.2171994121959462
-0.23608136674570376
-0.16169476792491946
0.08882552033644163
-0.5741243987716373
0.08280058703728903
0.13022353167477632
-0.02824769437518177
0.17998582589846318
-0.6125063907148248
0.02444229378163662
0.5780931650199974
0.1403392796820523
0.09160343959528036
-0.5938987610043324
0.19213109171544554
-0.47450748816443417
-0.33821275191675043
-0.09332513044899253
0.17297880138729083
-0.15363394683589957
0.2792454499957034
0.18290168792547426
-0.26146372087336106
0.439912685189412
-0.12790108873323236
-0.346027309703932
0.02433451647460278
0.5808071921968243
-0.05062737576614158
0.24773316539260806
-0.39992788511667127
0.038622953511818006
0.41383488768440646
-0.3518859271595025
0.43889512679696907
-0.16359570234773432
0.520764758593974
-0.2024116958702794
0.08430144953656979
0.17060418823259169
-0.0118693629309974
0.001395973787734627
0.5891197623563509
0.033048908760765376
-0.1472914731062413
-0.38559863406906636
0.02577814123527548
-0.12542417009914167
-0.45076254842975666
0.22795801032988813
0.19447097635906602
-0.05258669376706077
0.24385453347392166
0.4858554492361579
-0.04322556721705773
0.19970400369776908
-0.4879707986750481
0.4659651125847765
-0.2844268383393045
-0.11329863358552775
0.5288793493902387
-0.26984798236237445
-0.1106827881582354
-0.16533614241103128
-0.24031359190304147
0.18592581551996992
-0.27649674800821744
-0.06160128315923474
0.05341613433720614
-0.17126176314353483
0.5479221376200649
-0.1821116722151051
0.379077118563982
-0.23467890651266085
-0.11494821141997348
0.13497744438402437
0.17833760456181025
-0.41893176384817626
-0.3326080701736353
-0.07570829053015117
0.0279699742416439
-0.03712519015461303
-0.1229764328664812
0.017291648416526435
0.3509489403059476
-0.029743616221801283
-0.21162780600233194
-0.5176044136698784
-0.04262406935720118
0.0077777411270201794
0.23127326405180443
0.5089466105367049
-0.0489017764544287
0.059830214892185506
0.07931692259537237
0.2955012404444798
0.2985502693006586
0.5481744468154834
-0.20688133741486664
0.920872074490473
-0.18325355887561537
0.2629485671659308
-0.2685538771314499
-0.10037532733369003
-0.15641852804888676
0.31860227499577387
0.4100346461544305
-0.2721424000747903
-0.2450315997944467
-0.0964380845723361
0.1693928534514591
-0.40416589791148766
-0.6022101464969822
-0.06307429624582706
0.6076464251880975
-0.16811649415572982
0.028771842995934667
-0.14311181407083218
0.08591193405834223
0.18174324667974376
0.14379939091039215
0.5006154632582624
0.6356381870954287
-0.05398407171131154
-0.245813806433214
-0.4415946870837467
0.2631183406623815
0.08155068556727083
0.32688924408791975
0.7086871769999227
0.10648316792322245
0.15348487956072834
0.6179587044582613
0.019993993541511754
-0.28807232655296766
-0.06167057260694432
0.050621999509948314
-0.644711412626267
-0.2515121093875501
0.6663228607484416
-0.12876532146420588
0.3700539974891146
-0.20962374393788885
-0.26696065182398077
0.2285438416076114
-0.07747748738459015
-0.05678553462424505
-0.02968925491419284
0.2289132429135867
0.18614090912774797
-0.23819259130931972
0.4765914071933381
0.25006088388540787
0.3589126114235301
0.13991940737725223
-0.08371211229222354
-0.025558537688356465
0.0710967808636582
0.12155669688034478
0.04471451441405125
-0.4581326045597242
-0.26871178177138993
-0.24895437606315216
0.04833466055165765
0.01688326247265344
0.13624464670641556
0.4035515692368868
0.2882624357835678
0.19387075377264718
0.04758850337300348
0.3107046662447307
0.0012189579187180148
-0.31853049854923554
0.2653442286034434
-0.2714259361826226
-0.09924628782465125
0.07713711111450082
-0.3143946330049841
0.10874661015589714
0.1743914899506671
-0.04544622691937891
-0.07331954020517448
-0.7627764238894493
-0.06797128774367198
0.417351153972656
0.20959112458447882
0.09285039597311556
-0.23852500348905847
-0.346431676886789
0.30391607126619435
-0.2527721922972498
-0.18682167414946668
0.4115548247056967
-0.4922381325185472
-0.051904571801466966
-0.15003414062385464
-0.25219148578758194
-0.056445266126772004
0.2834742046583144
0.09618548667296357
-0.30586927440895717
-0.5641363057948626
-0.07073593244796388
0.24812817244714944
-0.05971192154531482
-0.28403628407335535
-0.1259455611588965
0.1993520745020496
-0.5028100751510436
0.42797829340349447
-0.28252876028792934
-0.24015287108386132
-0.37863524247265834
0.14013006755513105
-0.05090961609431526
-0.2536705711277308
-0.07334998722091784
-0.3990322019982536
0.061980650224399136
0.3305280669762529
0.22704649991027978
-0.13099876677977593
0.203872869173014
0.24566216243305689
0.38203992827413724
0.23117050905447398
0.34529909952852467
0.1341631484691277
0.234169053767833
-0.5607869250893426
0.43392646903788396
0.15248877744055286
-0.209305238845494
-0.7950028783558934
0.21599758227708465
-0.2613896001758816
-0.34794641290227163
-0.20859712591315271
-0.22181597088680036
0.12419503348807859
-0.12559378094572532
-0.13441170912826386
-0.49615230655037773
-0.5248933357201431
0.051261719907306415
0.1835574254015068
0.09565894810855213
-0.33172821700725924
-0.050813641739445
0.3634898367932
-0.14572564546959804
-0.23618659176309664
0.12153754464876038
0.17137300252983725
0.28260589105017614
-0.2778289068345733
-0.2801938754413502
-0.10867608335129898
0.5089772416879741
0.14794731411667225
0.17562203449707628
-0.011421437872779314
-0.2303207498204794
0.10340784878277245
-0.44989885107280253
0.1205115467924976
-0.08626658582047601
0.19939019264991575
-0.10478517203800436
0.2967469105839577
-0.31010253019526907
0.004966852598320812
0.6722203920826887
0.23051387277006083
0.02868876883910389
0.2668201525820176
0.0956121614672213
0.02604844820015139
-0.22591262067980333
0.2526366230291784
-0.09050635109823665
-0.15320958546021418
-0.2223232559914121
-0.009866695952838355
0.14883048197296836
-0.39044978085545834
0.1904016820910068
0.21364858896362846
-0.09713784405059281
0.031769088514920066
-0.17057841055445044
0.11922024399717246
0.35177630261741283
-0.21714249366718016
-0.05709064655139748
-0.16012438490866693
-0.2939049029557755
0.492659618532382
0.17899921278545192
-0.5237845816098381
0.2360461435620063
0.07287014924904277
-0.42553744409430583
0.22094131198599642
0.14386519462980354
0.19647236708745278
0.28323345977320724
0.0955145582476947
0.47755043201516995
-0.4063147986210158
0.4567222911210705
-0.029438717207358613
-0.1898089697570692
0.18397432077509726
0.11964019386715305
-0.5746104999388434
-0.08188320671815653
0.02553219461974147
0.381039979811763
-0.16556202777293666
-0.6177725012211336
0.938250186976482
0.012900165419052851
0.7751192783594759
-0.2862086137392089
-0.271195158815383
0.3039202406854881
-0.3779953814694795
0.09842043449246793
-0.6605540776009865
0.4020086935356943
0.15701838715124167
-0.2470332561655417
-0.07411275016887602
-0.12051450121022014
-0.1015539310153326
0.37330543806102867
-0.0393630502019532
0.04111931128328648
-0.43272185065568763
0.0029571505651691745
0.705730297797787
-0.28490862873052686
-0.1129007021041473
0.10456088545966151
-0.1480151707855529
-0.11315540967221709
-0.6327944780983429
0.6131064087377931
-0.13173514136692208
0.17957583998108023
0.45557728582425544
-0.34935648223330157
0.10783447132673152
0.2399657752129268
-0.14256742027942132
-0.11253582359811629
0.07520522950023359
-0.16548294737554503
-0.00868727382912809
0.10352939889143031
0.16549590302060968
-0.04541195106270336
-0.28084630924974746
-0.003642756453401206
0.2597248697945472
-0.4583039854832373
-0.3362929282373016
0.009367351206313893
0.18152111631827897
-0.282199764298241
0.5928900963926607
0.0018299048555698268
-0.6824376130579144
-0.07607931821843265
0.06453652559396873
0.740678797465051
0.14637543535474676
-0.0923966386063145
0.14791846318202231
0.047973345693476804
0.08712310745499359
-0.05618026081220936
-0.03908466464588221
-0.17681098105747767
0.003351445419249786
-0.29230549953906493
0.08789697331440277
0.11788036294515922
0.21342868223738723
0.15709541837620927
-0.02319950441891665
0.20398783606083123
-0.330515003336524
0.10332988302598434
0.5448654930667748
0.10308857306543383
-0.2683639541567347
0.348300247047728
0.1614865783526333
-0.2961182721777222
-0.20709538220111834
0.5844339003083093
0.5300587611367611
-0.37823101962244304
0.08299504880566355
-0.10459021011303393
0.5482482599765487
0.2953218723253954
0.01584358568687607
0.35986352395500143
-0.05575718513701156
0.5268281785082851
-0.008875546323679333
-0.04434366778850674
0.26755906158365356
0.44481393160155364
-0.48898245831975007
0.26722295374111577
-0.09743472244694988
0.32895019583438806
-0.04578778949361384
-0.6535612007232787
0.27854557449617423
-0.43059693531865795
0.28824573385643837
0.10687827891816701
-0.5380370863066362
0.31368772905724135
0.47166294407791287
0.004626051511487972
0.2842966685486552
0.09121055044996312
-0.18204295205903753
-0.22541090411697154
-0.07618996380124939
0.2449925439655502
-0.087940961825226
-0.25643687052242115
-0.06335246697030138
-0.16144122458662155
-0.15080822444958014
-0.028540993231460088
-0.06603355802718912
-0.5800595126331172
-0.1999060611791806
-0.2847526985678233
0.10121714854776012
-0.15112585003936235
-0.6114522593210825
0.21090693008798084
0.24268808137406922
-0.1743809737677777
0.06582221575405327
-0.1727437514964989
-0.7242304280030605
-0.3599515657717073
0.11432657050416783
-0.1110707659850733
-0.28073375678847523
-0.11354103936787095
-0.3356066062151695
-0.02763917018974783
-0.010245795778148216
-0.49718792399926925
0.13729794117987582
-0.17443202999773622
0.10345571192793179
0.18310682161352623
-0.08544979663385677
-0.0573358780368136
0.37049980617792705
0.22513699881327542
0.3190829005837877
0.5040104628926535
0.021866730423443084
-0.5825055926358799
0.30149081779603615
-0.39111093532967595
-0.08998111558402618
-0.3674148780257665
0.3359198102200781
-0.6276296657539686
0.35373553351825543
-0.23986181261138645
0.3618946211819714
0.024236360524229988
0.15036708460920792
-0.21754809283095053
-0.2424270641320472
0.2556547830941151
-0.020429246401884617
-0.10919391614328244
-0.14233656793976643
-0.3794337861776898
-0.09390534367805306
-0.2339891296394186
0.6533583198368734
-0.24553862037363827
-0.5602340010968261
-0.23379629403604543
0.005859281923371461
0.018893138618796726
-0.259409615200318
0.125393902196051
-0.5166195153898322
-0.2434225484854811
-0.09939177312107987
-0.28152281263951057
-0.22047849401064268
-0.3435678290698715
0.4935528928733449
0.1180068367027474
0.05082226188177666
-0.003226002467345273
-0.10598129559532482
-0.4184610140734178
0.12795990571505095
0.23652736903465577
0.2999027518701702
-0.09159357279912898
0.20294817488469183
0.12473052755170194
-0.024605633151231043
0.39346741052383516
0.16336414440772623
0.07125126002714008
0.10563818107984947
-0.17722198823928295
-0.10287887117779707
-0.288517322952583
0.1489437913135104
0.09376993989866478
-0.3610770624887863
-0.24049086399718234
-0.43227596366035187
-0.25878110674788884
-0.5617717147782744
0.39244174866775716
-0.08353309933077924
0.39149490888212046
-0.031718139156627495
0.6623299128929359
-0.20604521297258538
0.6148776995257577
0.6241714801072699
-0.26385856776304367
-0.31620956296105823
0.2588025302497631
0.11743037308077764
0.10917131621875482
0.006288798983361094
0.0009487346147171345
-0.01024732453198344
0.36644198698422736
0.5576618497812961
-0.025719720800921397
0.22887840990035288
-0.008167785357638018
0.1613825538513268
0.8209144400022057
0.1786226509003298
0.12636453886399454
-0.2004805147527526
0.33274893997442084
0.1690718413848062
-0.10064866311663258
-0.6701921016271126
0.20049377033257512
-0.09905891547469892
-0.5005617192238087
0.06762768930158537
-0.5148742886080002
0.4098860693771534
-0.3510701472738959
-0.40569577814949814
0.05399290468584141
-0.04601382108890108
-0.0733482695651174
-0.17466021130503676
-0.06237965656892632
-0.3216216072178952
0.2196779424268981
0.059648364900360164
-0.4971378459805097
-0.14270091511317123
-0.40962347556428613
-0.1537637627474186
0.2518156161267628
-0.11771499290749733
-0.038008534325312586
-0.0019417342081554793
0.21403041051002478
-0.3540281049740158
-0.7047741883078346
-0.5701341460669832
-0.17385667442415653
-0.20080634911833878
-0.21041282860192673
-0.014664302436026339
-0.08019353076927901
-0.10699800639132276
0.49063805460167864
0.28310472769541406
-0.0013204458514157697
0.0030158269012663234
-0.06108388631017153
0.1495347733689921
0.13960931050832034
-0.27381560742139033
-0.18256605959394975
-0.1345194219570746
-0.10736417891197683
-0.09456527045502744
0.2614866547029791
0.16872769220776782
0.2521153144449636
-0.20051603616214952
0.411217418929494
-0.23589579364561164
0.25685423173656846
-0.5343757191705951
0.146104623080219
0.34008248560742954
-0.08892541331707221
-0.23608960733006487
0.05888298099707515
0.5454756357402474
0.4372931809689068
0.2561448605648952
-0.00592845944571428
0.1991461689891908
0.07527801142639344
-0.2098195573251348
-0.23193281076974212
0.19994468127850729
-0.08606669103829251
0.5275714205673839
0.053117762390015234
-0.1192874010988154
-0.29238255542759845
0.0642795043083845
-0.5615118392127189
0.1889723136874777
-0.44606182415330226
-0.038922093193008954
-0.13753616990561948
-0.3627636861493075
-0.12889671714683273
-0.06379939863849486
0.0745975569254762
-0.1072733723147775
0.5708606630437741
0.35536743891781003
0.08277055180245002
-0.20689451033247822
0.09723624278437301
0.5328535998059852
0.16793882327469103
-0.23580341099971916
-0.18343809340014455
-0.01035867918774015
0.215498984607094
-0.4540654168985766
0.039707888798119755
0.17310347989712252
0.12765427990129713
-0.02671142043044468
0.2660980510820485
-0.1639001388967403
0.46225264430314816
0.121929330284183
0.1670149271197311
-0.3297342260744102
