0.009750917962264176
-0.019150123587171813
0.4512158652722266
-0.3388804363689524
0.14804040104416202
0.3914964053499285
0.10927891538728418
0.06856712775091557
0.21814424906145163
-0.347597452279799
0.18284393850091712
-0.22565189954810216
-0.2732927809344016
0.30464692745759253
0.3972594115777191
-0.516972883927933
-0.24153752772468132
-0.11115635038118421
-0.04543175046681034
-0.7608104560675367
-0.19540446002714468
-0.5582523557331263
0.1888973052602294
0.11753659886546129
0.303516863210536
-0.25547404377094857
-0.19230689556657898
-0.2937619793070992
-0.7968650626280591
-0.2281776327304727
-0.20950888941638768
-0.07430079693754815
-0.30685410480428793
-0.5053892661457963
0.04154925166525374
0.047283661558054184
0.41812626854230106
-0.5252410548715397
0.28954142340323274
0.482855702928115
-0.20785132918760785
-0.49937157895779377
0.13690358848978215
0.35513667691178746
-0.7262649909364705
0.43900315654065997
0.3441450345836942
0.12078076772820502
-0.10391546265940747
-0.40417480668925815
0.2743956999852625
-0.19496087716486435
-0.5543690644014658
0.25409789211483147
0.25471576809861146
-0.34588310810244655
0.21632306945738555
0.274584785537928
-0.48212798381335664
0.1576830195806927
0.28931481335631526
-0.23161761510751439
0.21765569594248024
0.19434567733511401
0.3753335848045399
0.1944667928115874
-0.08402483071495495
0.10030786633294977
-0.08649156240649436
-0.04543480372566638
-0.05767629914661701
-0.28301914052541066
-0.20162336017925706
0.2141549682561789
-0.049187392169334876
-0.10942116146710162
0.04324679687985617
0.05494636405064576
-0.0704344802394511
-0.015003444484676519
-0.09900867958274631
-0.6104727746800946
0.3043498984943596
-0.014850107971283976
0.021372988076620497
-0.48861247876047015
-0.27351555660604276
-0.12098130204236673
0.21881471623654705
0.04233366818243528
-0.20850882418012281
-0.09250654003307279
-0.07842136950396449
0.5615589921513487
0.06692073903465783
-0.005055702779454431
0.173155496060933
0.09410965610315097
0.08908121201194517
0.1657562967373981
0.3203447081681901
-0.2439719034428244
-0.22813862257811612
-0.17774601334166898
-0.14259653439578793
-0.037295614399028426
0.14832626487882467
-0.3159168417681114
0.2579860528581664
-0.021478424194691516
-0.1482930743190162
0.041855857765030625
-0.2570964775794297
-0.15093737210425645
0.06389871542988088
-0.010555151005687222
0.2562894421634595
0.27955939281040804
0.35938861367174596
-0.4398224533395347
0.22375082585649433
0.8109460434345152
0.7709202994799912
0.1047012468818824
0.05950757389339329
0.004672957021917383
0.001239255066074834
-0.12527905764871644
-0.3938294044421638
0.2883039943081955
0.39627346120081763
0.46557377037659203
-0.1314756319768384
0.06109812932835586
0.08899819743008149
0.2457006085943919
-0.034114282518477285
-0.22084983890249366
0.054121786018302774
-0.4603875319405053
-0.15937825690261853
-0.30510303191593563
-0.239472684720845
-0.40373298937029173
-0.27927374011437406
0.061027445652615586
0.48896292912470757
-0.16047422780791493
0.40913877625682615
-0.06006607122083896
0.1358707540132725
0.17699657194121884
-0.10147018434378104
-0.11187091466841528
-0.23029597508718563
0.6766212005452796
0.11615196470862446
-0.2855531269846291
0.3543239698178342
0.33314952190109065
-0.028217929118916397
0.06147671063439131
0.4023592348813978
-0.26689176078619975
0.17458920687371418
-0.4728991609115258
0.17176857533808174
0.5395324790635468
0.375124113604716
0.056785583671892986
-0.08573836175445698
0.32176407797653633
0.04936624414275421
0.2508760567301833
-0.05272344283328328
0.30137400092744826
-0.8302813827493896
0.020506539417731093
0.0183006544890577
-0.052331869464931485
-0.07391017389191382
-0.41407494007736095
-0.35842538046787575
0.3358044087711309
0.07139446709808306
0.2108198308867826
-0.15597279789079774
0.018802082574303373
-0.11275337684184078
0.17881685594900465
-0.0585779390919661
0.37784226440496216
-0.04230710312252637
0.24462149512049902
0.06965784724457606
-0.344570485582107
-0.7982677635227132
-0.3022040511930686
-0.10794350833569498
-0.009847132345891187
-0.5444701645467933
-0.04427553191106074
0.0771346710897645
-0.37925368820934613
0.10738948636848983
0.04286265647842516
0.20784177390579744
0.44784728537531826
0.31064679764854913
0.008509290016382875
0.21722725423408148
-0.1481391436997229
0.5886943875899437
-0.11043525796561991
0.09834844947521937
-0.24049000124967468
-0.2658183549824493
-0.029262289213000333
-0.017546998349530135
-0.3617542771536667
-0.9768331668769702
-0.07841790205444789
0.24636843568029693
0.4104534232421564
-0.044962234056852776
-0.14963048482410723
0.41430976216380727
0.13835853808045057
-0.07429077887373445
0.33048541464981906
-0.3331448959588104
-0.3884673257593789
-0.2627327066776555
-0.2573969054378989
0.2917714351962018
0.13581939920754957
-0.12970208190585902
-0.09340409033940048
0.30140555410913933
-0.21747207683656292
-0.11838613577806487
0.32001390268035923
-0.13704182334576093
0.10279061392383879
0.010187249302052389
0.2595923513560945
-0.0465297413484937
0.20927082662760207
-0.5447004913453388
0.0766923100267571
-0.0499056497907222
0.5751831757959377
0.6215938564862107
0.161918448454884
-0.2771661107226867
-0.7488901103987136
-0.23176543176027944
0.2315033968148625
-0.0072449918248666915
-0.08158231511076386
0.28782100866449656
-0.340525454097298
0.28573564444354055
0.10403151245172841
0.06950176376164886
-0.15622322161580116
-0.3204698221182888
-0.34351117671516973
0.5221012811855117
0.4591556168510601
-0.2604391697125785
0.304425068971232
0.027421459924959653
0.004179782959784874
0.2896757883178338
-0.3773598773933885
0.38823503515295144
0.22597755753099855
-0.1886498617999296
0.3182648243881854
-0.23825722087937948
-0.1448958031538369
0.2739387512961974
-0.3739399594885948
-0.3843072271785937
-0.3066819759601738
0.06082537371332642
-0.044933329457693
0.21332999275279563
0.019549921109332
-0.09707853071889719
-0.23215954616382553
0.18336620169944665
-0.4704068878831576
-0.2246871138939654
0.10049493422040924
0.30941036909296893
-0.15684654691353012
0.15517741284269915
-0.30009573191017264
-0.16888303068228314
-0.0825908445768445
0.03758728128538917
0.258572835005577
0.447521594024841
-0.31835145986715774
0.08124116680798882
0.0953287968637773
0.17836522922646153
0.09648123769385362
-0.2562633679777732
-0.23822614530771302
-0.811406074200668
-0.41586938284735886
-0.10919311546788342
0.1044454619457469
0.08417199824083285
0.09278242123358209
0.20641576990011934
-0.6454931811978044
-0.5030974461948978
-0.024000354931537342
-0.08920534309560053
0.3462425670835747
0.06441047051983764
0.0809769605894761
-0.29861217486736125
0.004600413786735366
-0.024275453239025316
-0.005611715536392062
-0.09242935608542617
-0.0699645417641348
-0.25850452252647604
-0.19518379478659453
-0.4101886939692928
-0.11853867102606563
0.32261374095090833
-0.24864123074307443
-0.22163964933404925
0.2131199937025129
0.014751232607506437
-0.2196251248110262
0.27825861401108615
-0.5227477558384163
0.3950310850087613
-0.018934201894844557
-0.11675067421489456
-0.1924359462550385
-0.2608475734075608
-0.08781364090912992
-0.11572793336271549
0.05980426174753733
-0.1390962206674103
0.35491689981590396
0.3518053051475015
0.05570468144392945
-0.16011445311247358
0.018088765098876265
-0.0337414141335587
-0.23568000828016733
0.12587655189848973
0.03910145762389415
0.3573685987692238
-0.15957848132263566
0.5154749646502608
0.09160492518187567
0.11570664287316457
-0.2072777820255862
-0.1276557170432171
0.1783045010002036
0.32077191204170646
0.36078785143488024
-0.39007558612211746
0.040607535487296675
0.339116847756732
0.28509132480087307
0.012404014683668224
0.287676121161679
-0.38898799267517115
0.5645491391006121
0.30397461591102554
0.026780933711960882
-0.10278318000910062
0.45021135153311875
0.28298442070719176
-0.45369427449118205
-0.16560803031739896
-0.406877222560792
0.6611144648481572
-0.15167130398302175
0.3391227808351459
0.41865847719395244
-0.47607302437279087
-0.490643566980027
0.10931292960411837
0.05157428261141554
-0.40233460471235816
-0.5178850017154578
0.3274257258175541
0.39504067040513746
-0.05470246602311393
-0.11076508987980907
0.00723162251267181
0.906891148022981
0.42449613592841273
0.28295445919257695
0.5618265973576023
0.6756623749245845
-0.29458194495422124
-0.18263055160465985
0.36681210543812826
0.006369258232180865
0.23159194215464657
-0.011598259187192725
0.014872802156792696
0.16218778126234845
0.031843582763168295
-0.2713893566163989
0.11414563500910876
-0.06529515700953535
0.19190124679809634
0.1630134079948042
0.04244359144290859
-0.2532777677867814
-0.25902246869347867
-0.048410269980057596
-0.2400244849043124
0.4069885635771008
-0.3890239804033976
0.33004272830740794
-0.25505042696746183
-0.267831108462268
0.18634051310394142
0.21290886717338922
0.23968153215484175
-0.20164275572785767
0.6054644541317702
-0.22530686142175863
-0.3742318869341757
-0.06574888032730555
-0.28812510502314276
0.47485309028242617
-0.08335459150796212
0.4252763664370496
0.35898608130736565
0.069228375686215
-0.18155436034828826
-0.09516940313786018
-0.08753690943591076
0.39845286871165686
-0.21315292233720998
0.04468104085477114
0.11094724300386437
-0.4049138304480454
0.1975305999398496
-0.32498351488485283
-0.018785100033757832
0.2739967570714671
0.24223998634596355
-0.23767025596228084
-0.3141527028408499
0.11390016659371582
-0.22461493044158834
0.5005767532463893
0.44016820335238155
0.12081462238764122
-0.19540866332335866
0.7163401155220834
0.03224975533348502
0.08233105574780562
-0.10296750443288452
-0.2370384857325965
-0.4028687357556904
-0.3573012805873975
0.07758619101974597
-0.003993615684942377
-0.2913142329943543
0.07992746655822629
0.19961145197647712
0.2216032584934714
0.07636387709118925
0.0775267794374603
-0.007083406751847214
0.009273730999268266
0.08552179702532507
-0.03663524700801546
0.06736042399254287
-0.012351510204392456
0.114615616157622
-0.17613428995637612
-0.08694007369285574
-0.024620965184900607
-0.7725579223557721
-0.15326273021433479
0.1331239120399371
0.10720566135304231
-0.01995878616551337
-0.043822155882813976
-0.13295707046267244
-0.1468863700798735
-0.3535815900440964
-0.05275860027937936
-0.17296229045626033
-0.028408489439206503
0.2965199286955705
0.11459553994861316
0.0924728821131005
-0.39526435749278854
-0.20434532313462445
-0.09505231563728045
-0.10544400623880693
0.13847196379099735
0.9854325083886601
0.43378294566959524
-0.21777279963354912
-0.29831063676565844
0.18915391207830962
0.20490771709406572
0.11043897841463775
-0.26451491708565716
0.4046067251859525
-0.12852011838617253
-0.04443292392647687
-0.2167938947980179
0.1304178885273906
-0.7688881114954828
-0.2514589613703089
0.14057433764246738
0.007442222076654194
0.09816882250716427
-0.3353059530409456
-0.20789964794994267
-0.21339426897266142
-0.04258295655685364
-0.24490662462097645
0.28677551615888547
-0.024837493335114046
-0.37457213124626315
-0.1257275986874033
-0.02216270027169206
-0.24529748853164543
0.6915265164166005
0.17667775205905883
0.236113625553632
-0.040733625393188304
-0.05461593881188193
0.006944043222279679
0.40939932483037145
-0.23296707571960198
-0.288758757760661
-0.5014240884757966
0.06515510304675272
0.1143343821636151
0.10129130974210797
-0.2579643182739979
-0.4964455488092615
-0.14151965143486178
-0.15617171339492555
-0.2324023622611191
0.37132192037913675
0.062950116844347
-0.7289164721973342
-0.10355785465148455
-0.09067180450166094
0.07917166915798501
-0.5009974800789194
0.3829160551529638
0.3209741652763384
-0.12138090707105935
-0.1382688694172948
0.012357135032685089
-0.01815455367480595
0.29758324216653964
-0.17978773335027726
0.5728061135171538
-0.007606057883486204
0.36614656730403156
0.004793539509989301
-0.2929840977733798
-0.246461175174245
-0.3484836268045633
0.05142097427969339
-0.02843515204996141
-0.17327248757450003
0.21434203865067905
-0.02997293694123013
-0.05104972879250139
-0.3197553728839273
-0.18330759025318008
0.6171480165296949
0.33769799094074715
0.5691087326240427
0.0023682758871686653
-0.11581350682888769
0.2540740882314133
0.08498667414682436
-0.461165087449218
-0.13656565872986187
0.2420812596033735
0.13440580143793987
-0.23227621189712522
-0.5184339291042541
-0.48076868603503803
0.5130470072400986
0.06994022045330692
-0.02174132217104933
0.20662198649937172
0.04252611951602482
0.2866173518705001
-0.19972695784578406
0.3605240014844765
0.03274028047844895
-0.3574363319908204
0.4430179009625906
-0.30819464618224707
-0.28711316711411966
-0.36057736444849386
0.5565113280991525
-0.5641810488222437
0.20318925436159915
0.2970849001482767
-0.4165285971515251
-0.1253714676832025
-0.2771260293147629
-0.08746885182702739
0.3879258756666306
0.06501646762758709
0.5165927408014098
0.31233659393988805
-0.12431781433966019
0.5380323065578783
-0.039662871596983146
0.07979501387075688
-0.43155639832553905
-0.021217636117426348
-0.19701870640713717
0.6060537294374347
0.12572221321969612
-0.22577746068466226
-0.460152104248589
-0.12545177059748933
0.17383921794684734
-0.10558816401145955
-0.29621429777155583
-0.5115822606737874
0.14730113761910252
0.2945087691874011
0.059506343536635246
0.7619143676688662
-0.3088917261909528
-0.44671714239877
0.014416607269783333
-0.06664877160092895
0.27396065923284885
-0.23639135679545834
-0.34720648163943946
0.0414298561591878
-0.35994902936377526
0.011558116244368324
0.11974819978049338
-0.20308254771130016
0.5566776157540774
-0.2514536374444576
-0.6033990548653696
-0.5177609174057041
0.042000108393729745
-0.2176585275567656
-0.08355585133761123
0.04682661022987291
0.15632663359530882
-0.2028399831336541
-0.2692725930937359
0.10188161249126437
0.19657823436287103
0.3954104881293021
-0.2353819779541909
0.026763072463628503
0.43651487249285886
-0.325796926577738
0.033398738794897756
-0.06942460204377658
0.25985467384453875
-0.1593853985508341
0.18729347418145428
0.10247428911018719
0.2694860014059552
0.03928017369520973
0.2082784787526777
-0.21933111715120288
0.06580414378235563
-0.16174437540997505
-0.41874440219464415
-0.11342565844815371
0.03268880689961023
0.34673593104761613
-0.3185574291115442
-0.4332899812377739
0.3783294799114876
0.0528796619931337
-0.7779995321180488
0.3057906820212988
-0.3466055513628179
-0.3035066237785762
-0.41720745596124065
0.169323917955006
0.4353865186648475
0.07525132882902152
0.23477627361843606
-0.02059199420160321
-0.15054839170855994
0.5775926190113432
-0.4254363286436773
0.26824986150968533
0.22325068022203484
0.046915070025842956
0.09320533147297563
0.03776500118620558
-0.27893183509153363
0.04202284940840552
0.4300948487459081
0.7558155349072989
-0.5663638290638062
-0.03552599746895935
0.46921972423112634
0.13652647526804548
-0.2451753364292194
-0.054025920070900575
-0.4053888050156036
0.06745130505765978
0.27316618383631935
0.3391170153673711
-0.7700436543622411
-0.0009750879896900774
-0.07636710218315447
-0.2319471802255557
0.14124017224505592
-0.3542215343170504
-0.0884775388902799
0.4757537707808597
0.32277943241679563
0.2682179612250894
0.11304330119432317
-0.3121235273475786
0.19950338939959475
-0.32512424620660935
-0.5305869320206328
0.511978156822877
-0.6298119755173573
0.1472716127151935
-0.3310026373291471
-0.08470313880412074
-0.4369221193149668
-0.2276930243055462
0.41897513414229126
-0.37835889828455666
-0.1887551471141973
0.14992115038049186
-0.311597300419187
0.09330205455531092
0.028414413571469278
-0.49640013470422545
-0.12850397510899714
0.015861535180926582
0.09969424252379427
-0.4879332756610391
0.413364515089801
0.457974088820881
0.05261726918278926
0.36542722812792966
-0.20856288821636887
-0.43583899436381696
-0.025282953153158306
0.23196004338885118
0.2538669945922585
0.02072449402965112
0.002189651484685261
0.20579367056844483
0.035384386574056584
0.015637339267143203
-0.170439008470221
-0.3099608368926331
-0.067403102597269
-0.2241517257552719
-0.04318581818605352
0.25569873954488315
0.11137175574926265
0.2775011817091495
0.11290323578117642
-0.33947035340990733
-0.08499233957073304
0.32804261311191696
0.43774784995248484
0.0191789999800524
-0.16922511319009406
-0.025081700585813778
-0.010127984267892205
-0.004664931404324287
0.1909914502776201
-0.38956630960948063
-0.04954680055018962
0.2231869436921692
-0.10477575688557375
0.4318918776876987
0.3127254698165873
0.03868788139166878
-0.295112892913663
-0.19467339276791495
0.1104377552007504
0.17787523158985707
-0.15671156542154194
0.08264597579581609
0.0892562832629284
0.05826517477576428
0.2947709610849647
0.030545932531508457
0.04520313288641749
0.11970099916696283
0.17274613165761457
0.09934672010415191
0.3930531383400462
-0.49076799964956397
-0.3062393962168911
0.24130650594684896
0.01812393680918639
-0.12452644179159189
0.38015280091142734
0.4522837082195329
0.37966795741300624
0.49718426463502635
0.2533412774083707
-0.016725148950568054
0.23558684172146677
0.06162175770662219
0.2315085078584998
0.15147604014501592
0.2003058461149655
0.23161812338934296
-0.07380989858137003
0.16638357290898143
0.19002800550450527
0.24836754881476597
-0.038732707547626956
-0.527247070127194
-0.10433687235464298
-0.10081237464573853
-0.04472885121223113
-0.04202346077392497
-0.27311814809641455
0.1339740562415578
0.4751422365827264
-0.021374174836653638
-0.22983961531867528
0.5368996349450451
-0.2544680415255722
0.0238910634914807
-0.18324356246584175
0.33664958083381336
-0.6804330608076816
-0.20736380333187512
-0.02574284080622979
0.032838543418397766
0.025944280788000075
0.24419834202649535
-0.5511677529010972
0.8116664915124268
-0.4379261359768644
-0.26233159644925647
0.06573589106389024
-0.176078285899192
0.27542594351348987
0.6271972510723328
-0.43827174977025235
-0.49029513770580957
-0.030583105544034917
0.17453406825657453
-0.037062636248269824
-0.32682079473397974
0.31274694442880446
-0.2410975563490159
-0.149448446467996
-0.14479197887083106
0.47240980694770446
-0.18550173959009156
0.08372308641110311
-0.30852528236312865
-0.5816262229550281
0.015260912200408535
-0.09613052368390715
0.05689919226696052
-0.050537237248522084
-0.5350593646433217
-0.11008403805021709
0.3023301940953456
0.4524653748163669
-0.09429764800306265
0.015877577754208724
0.078547087792098
-0.15558041548392246
-0.05899145926012094
-0.06630404881432438
-0.11156029746138652
0.24958047762294155
1.108140616609045
0.36932195568445714
-0.4143930678353664
0.14040439595590878
0.1129949198760487
-0.12369164443586222
0.6812067968690788
0.31329004813564215
0.036469997877966204
-0.18989029753199185
-0.13149218944174398
0.19961778113903683
0.056364371280768676
0.3744173452584659
-0.022295322934124936
-0.44851584783535814
0.37216341079108384
0.4438183701475305
0.536453594249401
-0.22090163708421273
-0.07035689025316802
-0.12880702886944984
0.3186999834619252
-0.07402898490592984
-0.21147916362625666
-0.13155752748461502
0.4540678124115248
-0.18666243206011715
0.061020941134959726
-0.08558431245141315
-0.15845821733884752
0.5491495895842015
0.21686282067109625
0.10954338723614847
0.2794549063801297
0.07196690210191742
-0.6334577339582567
0.4073130739140305
-0.35777030561818646
-0.07547150982387185
0.6742243129017927
0.20502461734486344
0.16196611436620745
-0.3697114825426952
-0.39209620222515246
0.5527716846480657
0.6229469476933298
-0.07217043908471418
-0.10676109105841282
0.24847361255864417
0.05238260631963075
0.5987388990226779
-0.34410425581877574
0.11593551696378197
-0.5008676463192724
0.23102888577236746
-0.07305084143940026
-0.2637908307452802
0.15641233331598517
0.2951993960035438
-0.12263957162927909
0.2624631106268114
-0.12854511261106114
0.570469417503199
-0.1456110947017248
-0.4059897927355154
0.13032704342469856
-0.09029929409517647
-0.24156912637981912
-0.04794530846750015
0.34781738811099994
-0.3906962977062314
0.012746375612341179
-0.32595777143634114
-0.0037287139212513116
-0.5602736001251061
-0.08208884422484082
0.023227241187754412
-0.1399405185933974
-0.1936383754055823
0.35986620429195476
0.7344763879146347
0.4237660878071693
-0.24223373489026692
0.195753430269733
0.011552388424583995
-0.4772956795836871
-0.5731784925255674
0.41825379463467927
-0.32763740556033955
0.26226102275824287
-0.053114426857093555
0.004247480913402102
-0.23266665935313438
-0.15456698040386677
0.3316322691635416
-0.05682561478964022
0.17409209676321888
0.0006078278188602064
-0.28409325815541847
0.06429774512533996
0.005909933006255619
-0.1626859041941161
0.4525827484095753
-0.6094775112839377
0.03637181064422762
0.2997643100928131
-0.1411939576178959
-0.43083822114734666
-0.099921939285589
-0.06835401209938623
-0.16546744850925435
0.3576035158328549
0.2768290244559881
-0.4844872564096542
-0.0012401442428462185
0.09783902742864088
0.05520254920927599
0.17290210013251542
-0.0716431371391108
0.18881769756230662
0.09190195452208103
0.20466339809061612
0.1536305268706244
-0.0295661634684446
0.2579263308886733
-0.20211700218074805
-0.3435634837479865
-0.23890002087148698
-0.828202790417652
-0.16294330324132897
0.14685588553979115
0.49624223320494176
0.4148837653058068
-0.15501165586680588
0.3059014852009545
0.0376066292739101
0.3311850718342093
0.3108935740849934
-0.02567551924560441
-0.238949535266572
0.6244084535587273
-0.09135715945964294
0.22822873940528304
0.05193702344154162
0.12031207366574909
-0.10573741298386699
-0.5335680326373177
-0.6593080043671143
0.12065052772142368
0.39959459893910876
-0.012480153638402963
-0.2717062840052072
-0.6736260362258059
-0.25928340444564413
-0.13949515471414453
-0.19878347325474022
0.20500438326929435
0.09282218094014538
0.17796355177377488
0.1228115073335633
-0.36210343557336755
-0.18190992835966033
-0.21289091890814194
-0.153164823265069
0.3800874673628624
0.2851465648498416
-0.08840622207638113
0.09900007159488028
-0.11736230977237203
-0.005832485699937203
-0.18933747196263442
-0.12672039703657864
0.04313399674342087
0.25922111196743486
-0.11109946355598627
-0.001722141873904961
-0.7780614258251678
0.09378662597067078
-0.3245845034724807
0.03283650925711109
0.0721823896381345
0.59273712258165
0.38598244472661664
-0.4526494298692237
0.7066177986612586
-0.4167623974653219
-0.07344118104683466
0.12551516517807906
-0.16136121152052166
0.2543605174713353
-0.08365874746455941
0.30552642687215115
-0.0033627094535833933
0.035655691556582686
0.004294893348431767
0.003437872855964101
0.09765024979316721
0.33946392465893505
0.22381608190263855
0.20645081779661473
-0.18714663080344213
-0.46476961313701953
-0.002964261033804772
-0.16469820988622275
0.09053773620239436
0.8157680622512262
0.046420389556054556
0.13938739171158257
0.08855565496624414
-0.004921215843493658
0.13889875859722575
0.1514787131380913
0.06325275871690261
-0.37600896878751255
0.26002928753567556
0.09209654934083905
-0.07607688826504412
0.283132240634116
0.27322319243047133
0.12512163961355402
0.2524829968067609
0.36575484672694847
0.05302745042092761
0.003721920236770337
0.2306071717807252
-0.2309250664055913
-0.6088393888230516
-0.00842770351439194
-0.13272945182945378
0.09358715870317151
0.1086846885461267
0.28729543466132407
-0.6100320304319261
0.034265529854165616
-0.34775676519968834
-0.4909580683349689
0.7549506985789471
-0.12180031382483462
0.5080734423070222
0.3031600662997416
-0.15495367831183932
-0.15471364422731193
0.19809747579501577
0.12327769307663686
0.026836893879308054
0.12921891576828193
0.9929617049854856
-0.2366314163812034
-0.29480609478057557
0.16123926595367566
0.5813605259159449
-0.05372126798193482
-0.03894706680247072
0.5226011930330036
-0.3120141446485486
-0.46529795865323964
0.34467500896458475
0.252997088795661
0.3511810527099487
0.22302429159489132
0.14638341302293126
-0.16554799677462007
0.55480510617141
0.3260795871496351
0.09723177322757774
0.02952344510888127
-0.2459822650318319
-0.7116090777738376
-0.09253983225402368
-0.404138702216563
0.11748747658074901
-0.3601064965800193
-0.17381736218409002
0.27760443969401727
-0.33113795701448717
-0.12281495589821677
0.10169849414614962
-0.1195487223874428
-0.06319721176077235
0.30656778980048166
-0.12518519666765465
0.314096216800996
0.4637895796326397
-0.5162508894151014
-0.3496910787723921
-0.07795242394513092
0.07982262311739595
-0.142863034122191
0.07768359330132836
0.15689354606338404
0.30222496524315073
-0.42817671462196455
-0.115975759983814
-0.01571035476731473
-0.040244374545907784
0.09255447368883445
-0.09794223559206688
0.48044316699689704
-0.12303563145012648
0.34526005501639484
-0.17439942531466865
-0.3018489653158629
0.19796246105386864
0.4898989702608297
0.21752452914186513
0.09275039932035288
-0.21841404074802145
-0.4401412223450627
-0.3774837479017742
-0.2672757409526465
0.23998633831960933
-0.1271843601432077
-0.26112598823079947
-0.14928644110584025
-0.2592787348933503
-0.11610123313860327
0.22252548974049183
0.6265791137210095
-0.5463250712380965
-0.2489470962774059
0.3936985404539159
-0.007212369055734313
-0.04521396473245608
0.1429258837791538
0.6270538925750359
0.5609929965082919
0.10626406039783313
0.15861586161969915
-0.10210843452873038
-0.2887562709451638
-0.13844254161532016
0.24451417249369978
0.29461688995040697
0.30931803806110086
-0.17358616603451404
-0.10449926407504717
-0.273174842291632
-0.07358477214541619
-0.15884611891493328
0.2239643109577403
-0.13190513510782215
0.2911516015932621
-0.193413287650299
0.23478057509857558
-0.5867967024395417
0.3004920167703932
0.2858114289601059
0.5510194809368356
-0.1947207011758324
-0.00021280973913567666
0.3840210530998959
-0.03178894005654254
0.030380409151682403
-0.0434545906711673
-0.18737128061406844
0.4252466494235972
0.01787449596504673
0.389651568937579
0.18564754668622652
0.37183335791323247
-0.01043465101565806
0.07291894629185164
0.47215201667106765
0.4564514239215584
0.444671469239533
-0.36170902735919974
-0.13885713442399245
-0.29723908897503504
0.19593368570930392
0.3082151813498757
-0.38643032020064483
-0.05200969670960059
0.0478762209352911
-0.03965715379094761
0.37715627662395523
0.464668941949251
-0.1696014645953211
0.10754925819273446
0.2947513208707555
-0.15980670042200962
0.42205160761606325
-0.41053236040432894
0.3631708617466911
0.3801473613742361
0.2728038654320811
0.04566665433089896
0.1773263869939593
-0.6503338892086619
0.42079110597744035
-0.1690092142032626
0.3354009315057678
-0.15571411356861015
-0.4556775053501202
0.011966179964131973
-0.28422997779231346
0.30749631389582593
-0.6617203452781558
0.400846143419283
0.2638438344921136
-0.26126557445969584
-0.29490771203851984
-0.36422661369656967
-0.027051766319566045
-0.2325086111173936
0.1669566278438027
-0.16913298603572496
0.22534143117279207
0.13212543501063279
-0.546411418041679
-0.05657824404985566
0.2925521718096025
-0.14115963458148154
0.21303997521173945
-0.12386800370758431
-0.05001538325999283
0.22138883953516256
-0.2092432929044877
-0.26484129447249916
0.15768546421983634
-0.3633319469812202
0.2890701922607198
0.10842166368416396
0.4979426633555847
0.10973562137787246
0.4741419956547965
0.22524385196513166
-0.32764153360054077
-0.01823056373289042
-0.6748935208467213
0.2954215732525619
-0.32639997204379495
-0.1481622002422485
-0.32808048689250374
-0.5459458173965069
0.16208259042484885
0.19372782168653863
-0.2069308182108916
-0.2147782693881624
-0.1954262739660632
0.4919119957570148
-0.12993843429640048
0.0406521472340296
-0.14182395477862655
0.003817749906572644
-0.0967331126972061
0.1480472739227023
-0.15145352218131672
0.5149754891646553
-0.11598812401038068
-0.07279960814077673
0.39058460895336533
-0.591985994405349
0.028592177723790493
-0.14685263749116484
0.24835246695659674
0.05795625155655398
-0.02261161674213647
-0.3159986080147635
-0.041803741314638265
-0.08304596699529754
0.26992400125960564
0.05778649182936933
-0.053486440105311076
0.34439066893355813
-0.03215863980694981
0.20116537215760932
-0.08183797735535968
0.06525270345833244
0.05514982603684273
-0.25452131996277605
0.23182171746239766
-0.28413901094925753
-0.460795557683604
0.0687865827322976
0.5243973968171538
-0.01808302593368598
-0.43549706665218996
0.05137038584766453
0.24327626505761846
0.148732555413675
-0.03842590247965772
0.1811240814401326
-0.1621186001022773
0.053240205275861575
-0.33808857934858055
0.4189462906162555
0.23224581633444424
0.35162133508006077
-0.28631385275902344
-0.10958918994127896
0.08983751843103856
0.2762852404498995
0.13301319242727896
0.3924731072610275
0.07458483184559482
0.007951856558438069
0.05097753387150389
0.09031497033133222
-0.32901445916221783
-0.4325063664859502
0.2280855035453743
-0.03957588325937956
0.031246793790433842
0.35875490890043266
-0.05196902404190989
0.07530166260413254
-0.08470558656582998
0.07815130096457948
-0.08316846925984887
0.01653303264304729
0.016143488214358622
-0.012102428406621391
0.5728704251640582
0.11488362883832917
0.211871913354492
0.032095575059139306
0.24152578985193857
-0.03118757870342867
-0.6273416740270562
-0.2982452945758777
0.1580507785357734
0.19918201730546603
0.09152343560116737
0.3368835222377967
0.5478765621480342
-0.24871243019728895
-0.18287044845256328
-0.14533396742468913
-0.0256317376987685
-0.8942198341939328
0.18475847905080583
-0.10847304255416325
-0.32467307245519134
-0.6902285537371438
-0.22989530283677231
-0.3821803724370143
-0.13743126731825048
0.038930933802423906
-0.10116477534676231
-0.2767430988975241
-0.5680428416137585
-0.12039888002229404
-0.3367444954574264
-0.2263420636792264
0.5605407353355261
0.2912756168249974
0.26732237062832054
0.04588720258607633
0.23625260595374567
-0.09251214624572728
0.15973107902126507
-0.2450036397442311
-0.32434493109203866
0.024951584972075815
-0.07630766986529744
-0.16278862538949104
0.13158516203140094
0.10342927182079492
-0.16750673610722827
-0.35626631965266004
-0.32840031654346746
0.244094560883962
-0.21474585796685125
-0.022414108338388673
0.3014400752608214
-0.46752988246267085
0.17283556061038663
0.2015343162051394
0.09823796152545552
0.2591097737730964
-0.09762124195877575
-0.24628756158184914
-0.008586413300269054
-0.02727944204757084
0.0581680918262121
-0.18808335657198305
0.26362247082595003
-0.4340846730546835
-0.24321306023716455
0.5437480645141256
-1.012189356825932
-0.018052787257736784
-0.08394491171106389
-0.018779542309276448
0.076074157452878
0.07763710380650872
0.017348817691936348
0.011360342509673488
0.1481857254015231
-0.08246819069218074
0.042040616552290445
-0.19587446273191245
0.29224709132095733
0.3456094115758315
-0.3717072867568272
0.021754949338097768
-0.3408841038102305
0.21387022501408687
0.19784869216514755
-0.4989764096229572
-0.12160315354552433
0.5383354127943096
0.02388565468000757
0.10711172791314333
0.036501796780166025
0.11864793903421521
0.5098405325416948
-0.0745512577346598
0.14954347935919757
-0.14425337310174985
0.5375226780471838
0.690829957789978
0.2776110718502168
-0.27787059756909704
0.17889529879984203
-0.4932356528819271
-0.16414891759203729
0.11235042833052407
0.27078437287336465
0.04003669653111699
0.2596722767803285
0.25896689614423896
0.002448623695155663
0.30273414092654516
-0.11129662358819052
0.4887198388912956
0.1510365218906915
-0.2625343481243303
0.16983526083837674
-0.2946213953662245
-0.5151645754204185
-0.25048441876384425
-0.055404484896054006
0.6009139427783576
-0.432175657445981
0.23201346089112826
0.17244305879439084
-0.012433723999713018
0.12053598122747383
-0.3576813613341004
-0.43338462687913426
-0.2323370352323566
0.1572272835145289
0.026518147482352736
0.10980873351456204
-0.004909929111954348
-0.36840855863247496
-0.38586329274461
0.1725701094213864
0.1407213858146678
-0.11061804968691152
0.0901339016154405
0.6188970583541404
-0.25169567791327313
-0.5314478858431649
0.3084311849421201
0.03500138466229366
-0.18597895029300726
0.5923759135574036
0.02575082620749251
-0.008292193609775473
-0.24612661195931224
0.07260062763302677
-0.16615171933684839
0.43980965407632694
0.37990789729549207
0.37892586983985516
-0.14407458102270987
-0.1537669776544221
-0.0141582776790027
0.2272011248477746
0.19888518216425766
0.2150388851996939
-0.42223467287230865
0.0035296338935350466
-0.5408736023833602
0.09449834096776373
-0.4891944571348142
-0.44823206083374895
0.019078135918270164
-0.5407749907859213
0.1554918173855092
-0.07412259303408898
0.32858324545178585
-0.17371686527321042
0.04504730487949214
0.11414181079543982
0.48087013251572835
0.34536535433112986
0.162823121506043
-0.15421272431383376
0.33806857924499595
0.0827164780835004
0.3570980167423571
-0.2675794743970256
0.6490967948497403
-0.16174374358175625
-0.07288784195032418
0.04033268333794253
0.019392457765072937
-0.12695781712135754
0.13328968030434113
-0.1889184028691591
-0.2305448734050762
-0.07064481676553204
0.09117482397108108
-0.13839189221669104
-0.20044278595244375
-0.21645208708121613
0.41924489430852585
-0.5484630794128749
-0.19680822103069898
-0.005510180934148475
0.31495862611744707
-0.09869593059766482
0.005231649677338914
-0.08594809503943275
0.24642170525254428
-0.3335501201160157
0.29407778856904987
0.4065981332649337
-0.0027515593090062652
0.061533061690140584
0.08247325176238365
0.21577177260701322
0.04302577623232939
-0.47519468112669405
0.5515022688211828
0.39556913233179575
0.2879054518773139
0.18008221229009977
0.07261389865055633
0.37681759763728917
-0.35870450442125384
-0.2437769865037905
0.15731760995552568
0.15349425023255442
0.27406254712274264
-0.07865012467533233
-0.4069494677863541
0.013481069508975197
-0.4346415656821112
-0.2788583396526406
-0.02637590414609541
-0.09293951370040918
-0.3234516631340741
0.19592421620459252
-0.23421375081765414
-0.1670309224271493
-0.2985254177378772
0.1646428761256577
0.35086137360737985
-0.28439163532654643
0.40076913500978323
0.17525275376763716
0.28547058675553466
0.12777922706352768
0.3796202958093146
0.2415790317392451
0.5609597804789928
0.17078807783461256
0.3329248928456925
-0.2508740662813604
-0.45443717418135215
-0.07161918119587711
0.1560636046633985
-0.4897951442358318
0.23607537512725005
-0.24643999626479735
-0.21113864914721145
-0.3498883692457983
-0.16955797075913479
-0.4118641535854762
-0.26530067761446846
0.48007306755195434
0.12101025284729863
-0.13773994653265945
0.28071121214068434
0.43019978969638883
0.42472459602935564
0.41171674468853736
0.5385701646911379
0.17209132584621248
0.5594524803033807
-0.01051496231011067
0.14125098923757998
-0.31403816268251705
-0.1454665810224056
0.5367643602930909
0.2413647717257838
0.357249700424855
0.14350447807554817
0.07054894964987525
-0.23819395209932726
0.2600036224479945
-0.24329685827522532
-0.21438193471900507
0.392124987906196
0.005288648064182172
0.2866284304408464
-0.01858116973801511
-0.31507793809700296
0.05550610499155623
0.31092979890792327
-0.31284402346938356
-0.12902469009503548
0.434612142304448
-0.012697701124595232
-0.1241107056226229
-0.19158611965043087
0.3122642485762486
-0.5164222356934222
0.23430708601399503
-0.2588509029050312
-0.042917355725168006
0.18357515353494214
0.4995204142584133
0.07169946084883624
-0.12666557878199053
-0.05273126929098408
-0.04355287233377994
-0.08280333196195505
0.23631577923886463
-0.8146142531108477
-0.09583731391882538
-0.26032571725359593
0.5893266620424769
-0.2072289659028443
-0.32559359501769325
0.33975410999976496
0.27072637382931425
-0.1282578293377903
0.2569068312971973
-0.10231414076369864
-0.08067928803055796
-0.29708764312321484
0.10350852209514282
0.029658878002280325
0.05351008286325973
-0.6992166341364178
0.026822704775648628
-0.37619188771811196
0.3000753248787594
-0.005316552616286389
0.07369363199878685
0.5927421836896043
-0.4363630633520377
0.021358318156532514
-0.14805635120941496
0.03973207182026545
0.4912294419833943
0.006203673052040178
0.03199717552428633
0.26869723760361053
-0.040508841908702346
0.10174044484538136
0.02824479563358727
0.2607313304304012
0.061891255042120945
-0.025651196249167677
0.14276037410982692
0.500731771422714
-0.0434214328747725
0.11678609659939178
0.1682325988830857
0.663894872999781
0.2412570404862536
0.1171553509482499
-0.39141178088053363
0.18588299110467596
-0.3607521453888233
0.17732098703635452
0.680493022308549
-0.3422870029379605
-0.2537525613674869
0.25273206324113817
-0.22829263664188873
0.26272052803458823
-0.09446170640187915
-0.037796758929240004
0.47843817125145466
0.249862247673047
0.4313321993004284
0.2520550113438404
-0.09604863895131872
-0.8440046108258451
0.11196072675336671
-0.13741187473757568
0.029361939552568113
0.5597424133939045
-0.1551291267633887
-0.013861106552661597
-0.1292051332059699
-0.4231803724345348
-0.048271552675834654
0.004753174396435273
0.318100495568042
0.034621939606021876
-0.04094493625019254
-0.010210844909704116
-0.048627793990672456
0.31135209084857
0.008003926032025103
0.16043581811286176
0.4369382733283751
0.049492156785937075
-0.31852345259185544
-0.04181494700850929
-0.3216892190348223
-0.10343619878003996
0.0686269233794697
0.6173606755580431
0.06696822907686979
-0.3415145371498229
-0.09114969988832435
-0.2719124899907519
0.12921621516627055
-0.22062449035688936
-0.2456103244046641
-0.19710862627004752
-0.00014156497276172453
-0.35327809651587944
0.3277827658199266
-0.022583759708462943
-0.13052069531363575
0.358636338137332
0.17360488239331204
0.28795269371822335
0.20666013520174056
-0.5686021846445748
-0.25500966498685335
0.32414785161994464
-0.6543760649449034
0.2956252506385812
0.05408070149503231
-0.10240314472944727
0.1228032512015592
-0.1983616967892695
0.17037346302500844
-0.14888397604979015
0.18975500598540473
0.050197313197416875
-0.23910481968958147
0.40314639064102487
0.035738302094316124
-0.42015439881940836
0.1197775746155233
-0.0009477494718655967
0.04710608124246094
0.07709508967502123
0.4002253821558707
-0.4082738059358774
-0.10752068331403784
-0.2673109350429955
0.04654070773332876
-0.13554392642164026
-0.4179741870494847
0.09433803902477565
-0.2554174372932061
-0.08211911281429005
-0.029868688078973273
0.3716697848939821
0.11449452278528881
0.2568872746854805
0.3638088497432783
0.6273596235744934
-0.281935375636959
-0.16664832746949618
-0.3244527441278437
0.09979755246861659
0.08506044156149024
-0.015945426936216003
0.10709554419171828
0.019901223976577533
-0.03174517642725886
0.26174503679491323
0.2643478144316719
0.6239033372735598
-0.35824606355355576
0.39216379299414944
0.3417843684124957
-0.05047618346870083
-0.2199351160132083
-0.17987761873409808
-0.09106497003625501
0.2382050213452859
0.1196177030080169
-0.006396197705771706
0.46859984044812103
0.48002854394332023
-0.026984008055313636
0.0692635900684023
-0.0687239903798126
0.1856536541394052
0.05002067381767157
-0.021984067120099905
0.602148946709165
-0.007303856174271559
0.23258409777115802
-0.06166409994484345
-0.520543801344799
0.02513525837871287
-0.01955031431763784
0.08502140503067343
-0.24115676808202505
0.13401894264035505
-0.42417309585488633
-0.13918442933224454
0.6365621847737363
0.1457855486815645
-0.3539602267493519
-0.38325898068529674
-0.23485634409862746
-0.020155213017248545
-0.15374214395230185
-0.016572890873423934
0.2197449958486547
-0.02184822705992075
0.7999648648002111
-0.20591591147636026
0.046361568699394826
0.031555826385713075
-0.5709197614693501
-0.489195707098892
-0.05496773584925355
-0.053978299043228616
0.2294059814938944
0.5392786206028849
-0.08175378805224046
0.20418578736586487
0.1360641269633465
0.1692874050807766
0.3787086735534447
-0.12066451381335212
-0.17407719002718938
0.25025325824343947
-0.16598552586749882
-0.5288317412752658
0.02494949242503278
-0.34175697546577966
0.36221850462470356
0.004297109991430732
-0.39448408468754503
-0.437763316275027
-0.10618975368179613
0.16975114935941873
-0.030060487156412987
-0.5601739593370602
0.20282871827177132
-0.1826036955011911
-0.12745945892846916
-0.02745546216257937
-0.25275801563964906
0.29784029107206167
-0.06450378397085041
0.39679143516360826
-0.2316844516238727
-0.39007674470722
-0.47478594740844887
-0.1522873443375235
-0.017719696521495167
-0.21579870536668802
-0.11574908851513795
-0.030510159360407546
0.16047817759979868
0.11477033654871686
-0.22484097127568295
-0.29503140496629665
0.3125924149687015
0.3143998334572579
-0.15621230724616844
0.09443377216482068
0.26684745513682817
-0.4382470525526129
-0.06801511881051765
-0.04547271933283344
0.40299142930255555
0.3703705989559757
0.2657843363949115
0.25925105755637406
-0.10283823621851523
0.021303171627281507
0.02304665962753539
0.01570305620325796
0.22653008145866502
0.34118847393055113
0.03181303725488451
0.23884222285306506
0.2818676763099958
-0.40458699561062866
-0.12839318647942602
0.1286309386130529
-0.2304222254909289
0.25884675440931787
0.06561370461312459
0.4360051437775041
0.07665398910272338
0.41681051600839975
-0.2116803864210884
-0.30785417510677315
0.22950188803712107
0.058301895845850486
0.328100496993207
0.07747598672969716
-0.11057977810839295
0.07138484081107846
-0.22678572240946362
-0.24972304734998887
-0.1063960467340637
-0.34386825185166076
-0.34852353178242
0.010153380337625736
-0.0861333705553642
-0.07295177892706947
-0.14805846617136115
-0.5498848828321914
0.3395384394933205
0.22503882953970034
0.21670206318436003
-0.26278369118616485
0.21739085974434888
0.06812201251466965
0.13513333305157765
0.35604617482125034
0.4216125429476706
-0.21325122862521426
-0.07623451111274253
0.011706360770847473
-0.687194943756524
-0.048016843311395
0.12427333205731023
-0.2188094538436949
-0.026797564463639924
-0.11038143126367381
-0.060859175677815035
-0.1701218360972929
-0.9018428359968513
0.18238642676088906
0.3972605838327559
-0.22207822692532775
0.025713553301577773
0.42447741990533433
-0.13098595932997062
0.047611404224307215
0.09252496037041473
-0.220698334041031
0.04809636729929282
0.2778870098572772
-0.5470186818347765
0.02477465619722119
0.02106162089763351
0.26760030780123384
-0.21350009613524043
-0.40791427035606803
-0.466387906217815
-0.6460801809193671
-0.5160588191861413
0.1319873220724947
-0.021907821589179765
-0.17194934463135367
-0.0017999966845278078
-0.2895980713784365
0.3810409562405409
0.03177090348606352
-0.35434668410952413
-0.32340545185281433
-0.5038328749038516
-0.4463797814385786
-0.19344948236068613
0.3575278270351961
0.16724535712387267
-0.22777506045044715
-0.23981585292356453
-0.2680090363519646
-0.12930022443984415
0.1395324110914141
-0.45277759211686613
0.1229759082623904
0.31952609472211846
-0.2902779745779141
0.8572621838266987
0.25476752918945333
0.10933011772340576
-0.06127714866227026
-0.1642595600323684
-0.13090238213031918
0.1607007967342895
-0.012721892385544714
0.21297629231318074
-0.19972393337544833
0.43003974803241907
0.07989526321605571
-0.18003769065038694
-0.2943099864763335
0.03682264156588142
0.45969435815676735
0.304493174750522
-0.022466970437540743
-0.06293081803361096
0.1353502649986338
-0.13172611528157593
-0.20364117492735329
-0.3137203337989377
0.17004425828909853
0.18573291716662155
0.39512763371845333
0.04135239022755136
0.05881049284227582
-0.37084314589229006
-0.018234257933485692
-0.0038886445879105663
0.38938215141573934
0.0017818172806726513
-0.24010608265563402
-0.1417517085199224
-0.8036738728563447
0.21490905295304785
0.37803458756615615
-0.2691342948644387
-0.26396731876298424
0.508804691531035
0.2762988496343687
-0.4866518475780114
0.29697992031531545
-0.08730953232083466
0.21208423026331738
0.48469196695622463
-0.022925111308096997
-0.3502219174693676
-0.060960778681986044
0.026900818010974752
0.5041371600653304
0.46712975467674445
0.5339732700549288
-0.10508812685235182
0.3568673146695236
0.1350393060615513
0.35132764977271186
-0.3041006317194124
0.1858045991737747
0.3405003714708202
-0.3114263568888135
0.04404671707576724
0.08391495757856568
-0.0011380925568669216
0.5163478880256032
-0.24210362380758615
-0.07343741329577852
-0.1834493739881586
-0.24377573335243324
-0.6576911221770503
0.0805838914979352
0.0744051301024459
0.0975436810660589
-0.2995062208492726
-0.4515968194828055
0.4713298068633261
-0.06792214499778212
0.31539390854119875
0.14749525301490918
-0.45226425951053906
0.20497036584265863
0.3248555755012299
0.0448548256428596
-0.2719314365514212
-0.09292077988771062
0.07143724663745446
-0.3283305702482704
-0.18373725071032565
-0.0967348115790879
-0.1937246779267433
0.16271279312605708
0.387281781512155
-0.23933135840225186
0.25736970182299124
0.16446433065679314
-0.07092050315908013
-0.4201608252241169
-0.1858711351033131
0.09928412673985086
0.10459012472361369
-0.11911162690973989
0.0020231224946530603
0.2043951680901735
-0.16523329264776146
0.13935887155837903
-0.08934939310451569
-0.1464241846251134
0.30753890222955194
0.2921714559147491
0.09604731891784256
0.056431914922092236
0.0056274385698746945
0.1817464097471464
-0.11529247956169775
-0.6011498576666341
0.5613112228526369
0.5703516175128918
-0.0025890076485242846
0.17815060839523816
-0.06921538506696881
-0.5292912799860244
0.2501627711704016
0.1320323870808935
0.13388121007600215
0.3345809002634661
0.343291870614972
-0.2378926734087117
0.21075800159437175
-0.10761217840047012
0.3508212521775497
-0.4112074787612517
0.6884203920493658
-0.05953275229366509
0.11447709281068665
-0.4428803990366196
0.45311764109937624
-0.09565678553496802
-0.10932778876603334
-0.1943296924225829
0.2447914081954645
0.5556999323099712
0.110437082988506
0.23695004817193685
0.4835210073036834
0.5086226977124184
-0.04557560127192261
-0.4403720829447958
0.4218604140410473
-0.43317299215782695
0.4407510344342748
-0.23371219872112856
-0.2599123912425018
0.23490994229621248
-0.6323097577164811
-0.28295735831126234
0.2414700600829231
0.13849885132610829
-0.25284815860351745
0.14312319677821747
-0.22138788206733012
-0.3570693315789869
0.04948053421580194
0.35081406268935605
0.13310197154853323
-0.2483963479228583
-0.05223998109014667
0.13219571395893678
0.33440796738236384
0.5225294025279983
-0.023467906914289884
-0.11745848751301052
0.18020969763966613
-0.5133619185888242
0.43751680015317385
-0.22001657954147774
-0.14230267784174294
-0.3047676388040505
-0.10834364862433088
-0.09944701013102769
0.44686116411480675
0.11202040432298528
-0.41782763644452386
0.348133295773776
0.22849591517535225
-0.003917322285109727
-0.1300657293643047
0.05957473410324501
0.7123318580884692
-0.04567562075010452
0.18729437590469789
0.002290819547906056
-0.26696698377595474
0.019239997205546318
0.094308496227295
0.04106004476779366
0.07221669696683718
0.3428235425836941
0.058463543042763515
0.33195329629337733
0.08428006515020559
0.8000138171641509
-0.11912685126518896
-0.09061491444325434
-0.19932450720749692
-0.10165585853249637
0.44867866398461365
-0.05513773627956427
0.42062509742313003
1.0297160230338505
0.40976282570082806
0.008574922676744118
-0.41728055425713056
0.39225765846552757
-0.190864972873874
0.5679549942467326
0.0684232890355824
-0.46177070364042966
0.8090845319805956
-0.26150181251351134
-0.2772874621253355
-0.1591280580763875
0.2749663481766651
0.4714540452738224
-0.15669577773485513
0.1549526502575268
0.17158340940878164
0.38040506319796386
-0.46689449386820236
0.29675708590332683
-0.17975077669929307
-0.195426924777737
-0.2913722620562172
0.04923741412689178
-0.2647833643750754
0.38112881390905307
-0.20004307932928134
0.09930528826283432
0.21934601557761027
-0.17321387225765567
-0.32261014915054964
-0.07534336126955819
0.08714865573175964
-0.3506006621740831
0.39653750758482265
-0.1724813967500129
0.1298414138324488
0.01186341977113214
0.16620312680500335
-0.46782347991507794
-0.059453929125955894
-0.14853465345404465
-0.2697193556582881
0.3085845564088475
-0.08127536672797762
0.03157823687377241
0.46305963846169246
0.18972275348622641
0.3602147597054547
0.3830336173478466
-0.052037419201553435
0.397929231043754
0.10697569131127024
-0.10221838406247682
-0.25836572415798004
-0.00026864748599668875
-0.021518818507695874
-0.43019505105867467
0.35608713555096067
-0.8375691107363191
0.016375846408908237
-0.09975967050306134
0.04365723940878086
-0.12629465863464254
0.20535740600850724
-0.5612201905412242
0.5196656689685915
0.38368883832682205
0.394643604428475
0.032453657577728195
0.18080908124131723
-0.05096121385867545
0.3013252482475865
0.31349597847175126
-0.04532904162512918
-0.5227360473746266
-0.06913451697044269
0.0833375024091929
0.350533746584032
-0.21111880801774724
0.21463399225381313
0.11570273394890743
-0.20729648444852794
0.06810756127682686
-0.0004777849062708356
-0.17400940718146204
0.29469099735552584
0.17825394595112315
0.04815874304753145
0.2302626779558112
-0.5366413252309151
-0.7317612317094102
0.057308266700653344
-0.4199580176453638
-0.3210979005864477
-0.24680750853587916
0.11217948381161932
0.1618109068736247
-0.22057814833392408
-0.48047984802646027
0.1526895318005404
0.3033457715088871
-0.25291512404440336
-0.07514762615455968
-0.6296940941384979
-0.29441613657476917
0.20895260061185497
0.450039410397191
0.03629759733579743
0.061872981655213426
0.07829466996444627
-0.4490621950155597
-0.26442962782591967
-0.4739953211876256
0.00601780245089964
-0.20825126991650209
0.1579820681728297
0.24977336432046313
0.324225058184863
0.2739460339409558
0.27459383743523735
0.15737925414234022
-0.025541237111065065
0.10205190936676468
0.221560896846049
-0.37599074572598457
-0.6926574587820776
0.164877576098938
-0.38706857780235837
0.04740757420431142
0.12522042943454917
-0.4697416719417109
-0.1536445624517692
0.629168519239541
-0.15036396483152073
0.12802651194870301
0.042092399085175605
-0.12232920488548753
-0.44506738548240593
0.15275566411895755
-0.11909560819962203
0.24703501941283706
-0.04549843030275324
-0.28897798132165475
-0.24147461530771958
-0.1164331957073563
-0.0012670047827660158
-0.03859186732206219
0.07573515834942032
0.11779233063551292
-0.15993318020428646
0.08824942882453816
0.557250461320506
-0.5543702936029725
0.11800049785465176
0.2599996187310346
-0.24603436164833203
0.05204693410731751
-0.08167872962441174
0.09594466396960409
-0.39309433322196974
-0.15828006725077332
-0.17622648281523118
-0.0028652871434939374
-0.32247575412226864
0.31663954171642916
-0.26889824076672575
0.23859641825775732
0.30760169122794
-0.045195266069928776
-0.062277528505605854
-0.1891159813237811
0.21400485179830286
0.045632868728335337
0.010320635803331122
0.10523184555918225
-0.011375836153302527
0.20454798625981047
-0.15350724769737817
-0.17123608283635483
0.13700284608987537
-0.03235681793120039
0.1387664127690959
0.023374731332084696
0.21739832850762017
-0.049122699648203164
-0.3185718374309613
0.16794172024222362
-0.26866157010562186
0.059363416757621044
-0.07169541707235226
-0.10365973966009802
-0.16341652247663815
0.1707272275657309
-0.18368705881261443
0.5506834038664449
0.14028924904270518
-0.07130689784680948
-0.606219291575561
-0.5214172824792109
-0.19932894222483302
-0.053262051646752226
-0.14395087398301637
0.7174249472065887
0.01595858069596812
-0.21424172703726008
0.097966550989665
0.03213549409149149
-0.498972385573943
0.29609771898868215
-0.26390477423700714
-0.04068121337588175
0.1607564546241569
0.24752093387007373
0.03382707541542108
0.15475181495567752
0.5300765025211626
0.022358625553137713
-0.27832528203025986
-0.4611980910965909
-0.05463018547877673
0.2687623351101737
0.4649179997435253
-0.19666911785981958
0.1710586466027402
0.004126874362192671
0.42068362433530093
-0.04032571930123097
-0.20700860650068065
0.23241745786753926
0.30826163861275213
-0.2565486716851582
-0.13009550709913534
-0.46458678478190285
0.47308202164094476
0.15083998723635048
-0.14347580473838054
0.3188827325771456
0.13174875646097328
0.0969936499596207
-0.019014334745624382
-0.22301226157974605
0.49605340990497415
-0.4027336966899405
0.08651741021421541
-0.25098825596578916
0.08047067604160993
0.03274335652584327
-0.23878624383990513
-0.1412340441196822
-0.07740696658933437
-0.41090503364411096
-0.2918993678940071
0.1335962807360523
-0.2650684862063781
0.07629556261273995
-0.14443029205362307
-0.04356062151953313
-0.1552870180096476
-0.2367002710460058
-0.29842047721322623
0.3540100424848996
-0.40758311083489607
-0.10572252946563462
-0.12334553489684595
0.21330113778725385
-0.06727520366427274
-0.21427587276189816
-0.10237473510300897
-0.10820480176291368
-0.346259184929298
0.31661342258897357
-0.03114460160965753
-0.06827256919467603
0.028122808958901346
-0.45715581453429865
-0.019122631765585027
-0.026015069551610485
0.2337296539690307
-0.12608692122470835
-0.30564503394291054
-0.35885420205298435
0.013861902127470972
0.025233253722014116
0.14559670843411826
0.10129428718102901
-0.04718670214049701
-0.006994305703106346
0.013113264488877379
0.12191398624939861
-0.00924442900623695
0.13736174589165162
-0.1421052246246035
-0.2705523783539806
0.13708851501754243
0.6687041619136435
-0.2187350952001782
0.4150686143988179
-0.6868280696459795
0.07364791856157818
-0.13014011307993073
0.19745917889037148
0.11139974386887386
0.08550173672174971
0.09308791128436883
-0.6971562987883553
-0.2546836672311467
0.5189953321345724
-0.3640593051853552
0.35964009014737214
-0.311388760690811
-0.3394841570139599
-0.40034192638165417
0.2527676563071425
-0.8813877027906653
0.38041651966296713
-0.735208560722871
0.20994162236789357
0.45786591079545014
0.34057076269835684
0.2726915089374883
0.0024186593972558897
0.2325829422099709
-0.14956152598342687
-0.038414985835525904
0.2655914221700807
-0.48883216370118143
0.48914014536481326
-0.11544104065534337
-0.07517352058421128
0.09793467009619915
-0.26985069751938145
-0.14016544645528792
-0.17624013681459663
-0.1501659898959848
-0.1775982414662261
0.3135914651919956
-0.1463371200016866
0.014517487650781022
0.3627328686684361
0.7558915972318049
-0.6314449407380257
0.42369739947975354
0.25380560578088784
-0.027895002189014983
-0.025265926761354994
0.3132197580344352
0.4854580112762217
-0.02722080365475261
-0.1504674215584336
-0.1549932436068528
0.3204641526617277
0.056298029456378275
-0.015253246265885149
-0.5076161414927594
0.16020934173556195
-0.307685449801504
-0.19158457461295816
0.24299513803368897
-0.32664705142209916
0.2589328131950348
0.033307569448794476
0.16400107321262206
0.2296008891318073
0.4464323369657228
0.6137550501752055
-0.025322168081358145
-0.1593937425511254
-0.11990823811687698
-0.029304486517160812
-0.13711441086719192
-0.19935042012657753
-0.45582471479397974
0.13847421290129208
-0.08867733037618766
-0.3313346529737059
-0.2738279475498115
0.194042883479855
-0.4502168841580639
0.5202991038221152
-0.1186270110363983
-0.1563733548059518
0.19235028581682403
0.08100975179587071
0.2572059233628233
-0.01469721942477037
0.20780217243933674
-0.9467808590174381
-0.3382097067793982
0.07566379009938679
-0.49133784576618317
-0.3348999984211837
0.26008973225563725
0.0002364313033995662
-0.2155229859299912
-0.10974401981441766
-0.04092881355156072
0.2713845635494464
-0.03399345706505827
-0.06893856455267236
0.0042668272209745485
0.5333183264281551
-0.08495334075379768
-0.06047541591000925
0.13386755040507625
-0.08879848953301836
0.09780793750419761
-0.24582804112142206
-0.66778418350433
-0.411660869503502
0.3186498372754116
-0.4626422874217461
0.13590938585082557
-0.05295261436110614
-0.49799547662903987
-0.0804393045948224
0.19158224376599806
-0.12536188595131034
0.1155102831360646
-0.311250354490237
0.3491588516078984
0.2390101851510097
9.138636992770415e-05
-0.6720473045552706
-0.3501032771967745
-0.15036811940394854
0.2508803051200635
0.529987581112128
0.12032086490386158
0.2874333736817217
-0.15433228185041803
0.013248918076381438
0.268153906123867
0.38703167024784724
0.48010262809453824
0.02562954771746919
-0.15580245034331147
-0.6903526809571935
0.2377394182726461
0.4979895712281868
-0.1822060022484344
0.09193928997969333
0.009788713832656688
0.10354178889294427
0.33702062757490964
0.07610831491034789
0.09942117998158476
-0.08076265809818949
-0.15332843488598596
-0.21862741206953348
0.19543395700813468
-0.16823323272757124
-0.29453682009977283
0.2305990222445181
0.1668364323897763
0.13970851590865602
0.20094302321580834
0.29393477062936874
-0.13166157154167904
0.020935896652305188
-0.08657260028995005
0.17435313585898216
-0.2396111598937437
0.3882678391404575
0.3749712225512782
0.18522804150249475
0.018721649644052762
0.16007684903642022
0.4672270697355444
0.15745257129511184
0.16607740489535083
0.3825322416317848
-0.0567347759573082
-0.32223076609540974
-0.04810064766078084
-0.3198656914225657
0.6940806798185781
-0.07286458921368676
-0.05905560280521313
-0.04272021695953381
-0.04471074272644447
0.3965452057329227
-0.24013863929084792
-0.22327851365608034
-0.01196621890667304
-0.35163995885306826
0.02350902759584345
0.21331148135755262
-0.11857836775417911
-0.4080485616558513
-0.0803084280620286
-0.40071275509608406
-0.17794579021184195
0.09203185418715146
0.36867344489555437
0.05038996635319053
-0.4449960229866329
0.027812341291679397
-0.17335265501323416
-0.0515120083915353
0.20926262290522726
0.10055134022877732
-0.7172148503560077
0.25258311321453975
-0.04109463615965268
-0.06878331866941999
-0.029778383005990196
-0.020999527216453838
0.38960654359191177
0.26694097950015544
-0.07329186271774027
0.0988645461086752
-0.38361340343133227
-0.05953208057475236
0.6087791412216854
-0.059240923838495746
-0.059811746057598605
0.17586343768991156
0.27188974268057814
-0.08056999684302549
-0.1926753430589049
-0.14998159171353267
-0.3515596228547941
0.23178431728730822
0.2544277457837353
-0.26532721108693275
-0.30538341451031414
-0.06781609273041665
0.2788079504269501
-0.28515006686847877
0.29736079690337536
-0.529245557416923
0.322504363396152
-0.3311726473806929
-0.38249936236970306
-0.04047696762530112
-0.6009256156209162
-0.11798661471849027
0.4405152100818331
0.6104199850795066
0.7143292355216241
-0.3004805593455155
-0.11108679291301862
-0.049964184154202874
0.07478445402219117
0.09054811076785294
0.05459795927721588
0.04078486279993081
-0.22757620485594876
-0.49621514607540473
0.16806935032638468
-0.21959639440491294
-0.3177061594915323
-0.11129016672721193
-0.5942544761231355
-0.3980605649724078
0.4646001087007243
-0.48664061789306234
-0.039465184536921646
-0.1727788437882928
0.17148035318050292
0.19500660741099854
0.3786595410327099
0.16822816600260093
-0.4310409375875003
-0.14934622013317067
0.09467939279637838
0.11917184364526692
-0.40913113936513085
0.12947813011091
-0.16584686995334003
0.09101877439012027
-0.20201904012219213
0.07033801293982393
0.10683640693845647
-0.017695041849546622
-0.12592582228267113
-0.19930712732346473
0.3089961374690796
-0.15299694518471604
0.05332866390885866
-0.4654947557307279
0.2213069059062513
0.14194372176781264
-0.2421262454963434
0.04510105729493422
-0.1782394199726397
-0.06434844778975812
-0.19956089661421075
0.3340941790125771
-0.12949725431660375
0.00022602626081573118
0.46255011913109184
-0.5419082918673038
-0.6113828105033277
-0.31674331299020664
-0.6629092443993536
0.3602242505479141
-0.2698235141728197
0.18468853198892474
0.1288596559540504
0.30320570460106483
0.13301547564923757
0.010776240664473236
-0.19438614125911405
0.03964341237411293
-0.07528365705871162
-0.3917025387041967
0.24949690452549783
-0.6730486708757774
-0.27234034113653466
0.12917990241987354
0.06961001638401522
0.16323438880526314
0.21945561050433884
-0.08673102491070689
-0.5015613676866353
-0.16736671066258157
-0.14802918325234005
0.48585230548043007
0.31822636276770977
-0.011134857810559062
0.10195259178726662
-0.04484860475255123
-0.27894853976298817
-0.0015077581719530888
0.23672845015946573
-0.41115850298598383
-0.39093773361184714
-0.25146787065080756
0.1983452921521455
0.05817718511361572
-0.6928106085996847
0.12432350652705455
-0.34515540330537336
-0.20866360014390456
0.13657681797312643
-0.24167165011947284
0.05888878022199986
-0.3630776345731468
0.0749389218425811
-0.08862410001315353
-0.2492745851922125
-0.06807120247840756
-0.054730471376592295
-0.12684803304411946
0.44370382042209594
-0.16485356403872448
0.022175963559712845
-0.20634054343918498
-0.0166465702811169
-0.24141923629122464
0.4652565445047816
0.11145553839546272
0.183112762846063
0.3128762211126205
0.025983601535084718
0.025817923203402912
0.08993986443738014
0.16045873409459133
-0.3240941642253956
-0.24949066960119362
0.15760990321382282
-0.11889641703708854
0.6296395629637972
-0.39965668976532076
-0.38077597693180043
0.24822282090508416
0.2539617860827844
-0.6202177717086497
0.1358388885395361
-0.3060657447560937
-0.21549978299291547
-0.22363057630842711
0.06755836342302401
-0.4049736757360779
-0.22409233071792997
-0.21905339002519736
0.5178199869089534
-0.10552459778067566
0.1532746436710383
-0.030227480644351795
0.03035459273227293
-0.38346077047520044
-0.41585810923914224
0.11107814775108435
-0.06488440949433447
0.5068216154085897
0.2880621872544549
-0.2115330140949241
0.5753492475442742
0.4509838388427045
0.36708062606109104
0.7086719225870226
-0.24622672279041388
-0.09463350135257023
0.611208417419443
-0.16912681098871835
0.24079508760034155
0.8491665580168107
0.13727505368348306
-0.3745933363436314
0.18396110188451018
0.3737349695878634
0.044264568682042045
0.014953271868110166
0.5242052941310585
-0.11663986828798642
0.07807440993910883
0.28215271186163354
0.27339782106068106
-0.6332273521461426
-0.42078821024861524
-0.26518282812271726
0.13660547435939582
-0.3430854259222775
0.18071595395840548
0.08771312142360954
0.03155709975699581
0.04834337395034009
0.43450102965040993
-0.5237326236197729
0.15072073826502608
0.12114089424445101
0.05200316604715449
0.11381375400823796
0.09035509351599254
0.11051910604498914
0.034453739801534
0.20800046579876258
0.019906343214999823
-0.1316129352826307
0.3555734530044671
-0.4923906485938114
0.24616385734016152
-0.06955014470984341
0.45853629978658095
-0.2186307186554329
-0.23428248800571191
0.21902006950400235
0.46420478745490873
-0.2240290733125158
-0.3352634293629313
-0.23856544022273327
-0.21560664138292426
0.030251320197381092
-0.41455797802029454
0.08048953057752356
-0.30134893713292027
0.3453212339803052
-0.14730981964111245
-0.16085902754028802
0.24288089209971833
0.10467618120778512
-0.43605019531772204
-0.7036729975234605
0.07107796481233611
-0.43614482737120486
0.014697989717325404
0.06265321607971751
-0.48236081709775763
-0.02055459396688392
-0.6322828387888177
0.5404163633453373
-0.31577649511094386
0.019559764897515573
-0.19665174703158575
0.5172047037417985
0.00033202984928496404
-0.39417143542033356
0.442206865504852
-0.1398529179404905
0.047448973143448966
0.4384039751660593
-0.08328350285356048
0.23510585683348317
0.03126843668796687
0.033565789979033006
0.16607319572876883
-0.2574270758067844
-0.18557628376992089
0.0432017461041941
0.0708457163009475
0.4318284376928308
0.01735766390795074
-0.1679921392869794
-0.023659029501592165
-0.18531341963802636
-0.37706641472992064
0.5523932839419876
-0.30671599017811885
0.12205465663265189
-0.2908476375203447
-0.09087579393918996
-0.12893062296967311
-0.03371768803738673
-0.766075956271921
-0.05473276341678992
-0.19965598992095973
0.4157776455504727
-0.09021618517606639
0.033897053010445856
0.21187090766306027
0.24805410075984313
-0.08441451258842651
0.17883085127332404
-0.34771498255993316
0.6794892730723553
0.24622002368982063
-0.23702650205605214
0.10429670244212223
-0.2951653593147001
-0.1667171003397964
-0.28184860612210266
0.266523084716551
0.007650491348543344
-0.24383866588246594
-0.13659479134117983
0.2578031947527257
0.0819529057226358
-0.6928147983956756
0.1502826569964339
0.2702912030930944
0.13764895733416466
0.09603088084212849
-0.36884144572331223
-0.06889789902827075
0.44396917284596
-0.5234608315691585
-0.2684507278499222
0.18193788479449666
-0.4248330836544517
0.19770446489321555
0.25654407424394327
0.033316389381380394
-0.4367839526550409
0.1450101152851044
0.31545287610775874
-0.06795181751836622
0.28709647027122365
0.382873970998285
-0.13144448799445815
-0.36584984101717777
0.412539575861807
-0.36934497260076743
0.31873779075522846
-0.30032539715931206
0.11833694786307264
0.5998623756344582
-0.5970831904817053
0.40295976483176954
-0.19493949464174615
0.035798110873583366
-0.25068806029564106
-0.06367555988361938
-0.4300815386010396
0.3950217716233945
-0.043756480980075056
-0.1886687963698451
-0.40026126790697303
-0.137999806337232
-0.022406047114224188
0.1640840038622427
0.20015275900679055
0.04631609668854291
-0.15753321232730808
-0.11380696677961569
-0.04904558070365441
-0.14870105600063527
0.31522480465834163
0.18007137611800877
0.23309347580793957
-0.05187051582035697
-0.458544032890684
0.6354874830972722
-0.02795490242596825
-0.16148696381326755
-0.1016307072463891
0.18260572923690377
-0.0070728741360430985
0.13147536462189877
0.2810574259577846
-0.02847802436321987
0.41214531306904006
0.5076969815388155
-0.2230972765150577
0.4399698294641062
0.24846777175065077
-0.1506757183183393
0.7169634236257338
-0.09336909141220517
0.04447317354745001
-0.340797574427554
0.27370005567127065
0.1071913353867336
0.38374479829371044
0.2738108375625707
-0.3486302324205873
0.05763501619084717
0.5919067431025027
-0.4322407192981685
0.24520348365336442
-0.2445701510973769
-0.09992296375098621
0.29686412127118267
-0.08372710563348003
-0.10112869679343112
0.5015206593886479
-0.4483982550621733
0.31924572034695464
-0.18110235818208575
-0.20282610640764107
0.13523534205152457
0.6371789776269823
-0.24866850269861834
0.5690393313967689
0.09275611839028032
0.2093630972204208
-0.011508274182167561
-0.18858402434519525
-0.3002834612695661
-0.1023848000935101
-0.2772935642591653
-0.14571847726088732
0.12402254614992031
-0.02052440965302082
-0.3596270211673304
-0.21073496357755506
-0.044869905096114854
-0.051000326009152996
0.10131550610885538
0.18055007729049524
-0.07204230820455752
0.32399082404731855
0.1757657572766805
1.0644134231408409
-0.1383934092409853
0.07512480539333671
-0.2469711573551145
0.04899277769394617
-0.035176927447191524
0.16467173023959425
-0.2815502880922881
-0.08257024207203856
0.4381491721247735
-0.039552437449831904
-0.16350305505782367
0.015706739068699904
0.4833092669910146
0.35477952933461143
-0.22955914403310682
0.3111251836241445
0.31393284190281967
-0.16049951813640767
-0.06159078869328904
-0.29111900860832596
-0.060270449681665124
0.07212834526096164
0.5249871767608654
-0.41727772163604865
-0.08139649594055533
0.1596991924579516
-0.006314600488404331
0.13782099940626527
-0.06601398984580262
0.2934754337427867
0.24099275761759775
-0.2669933074889102
0.35353366701344474
-0.054942385802986694
0.02181131872282346
-0.0032944944924755406
0.1595685841600938
-0.16722858800377202
0.08811085640301489
0.3426149835075148
-0.2364190394631417
0.1617916657675092
-0.09836603122078885
0.30602430833473937
0.34193730839762904
0.12487514941352076
-0.025378515977652113
0.18072014716856455
-0.2323569721054021
0.04571715159452545
-0.0679081737739928
-0.4638991278267822
0.2525710500642184
0.653116367718743
0.46384896991066826
0.14765953374837895
0.03948975115963819
0.38691074198479813
-0.06052675257646165
-0.4130309900110657
0.08355284831809924
-0.3217638101812067
0.23227561110589046
0.40752862594327466
0.03384375010897087
0.02406963438811571
-0.011762889936433997
-0.19413346829345177
-0.34895432599468706
0.12605476481544065
-0.34274105932018245
-0.4170891214670345
-0.18525992557462959
-0.4974924820390565
0.13845836805703612
0.21286043538931582
0.0884785220885185
-0.4274553539681843
0.42236720936909017
-0.15337099477365684
-0.1966761695400092
0.4559910681719383
0.1098503876148401
0.0646670720318097
-0.16857132745830114
0.043248583228786296
-0.10698705995611674
-0.35977083070110943
-0.21074747230579463
0.11204346094239806
0.15606197455066992
0.0927646067151165
-0.1744405070659115
-0.36096488846622626
-0.11289806068713107
-0.12871268831240965
0.3706592996890567
-0.18851192408894318
0.098886185289694
-0.49668548455364137
0.18987054624504565
-0.12563012538125637
-0.38295706918943806
-0.34412771109449886
-0.3610534650249447
-0.1346885247961018
0.18670664368327203
-0.36862535147429176
0.07861936396451721
0.19509884143605857
-0.09825694172033622
-0.3041324206300143
-0.2991794246911236
-0.20347822623700268
0.0023644704312801175
0.357141795810028
-0.7214619656113862
0.43090544812783355
-0.5013710834302829
-0.04268137723698042
0.1876089439717211
0.17231826886803878
0.36788683561982033
0.39317978001379383
0.1422564702286226
-0.17444586561923292
0.45359553064664887
-0.11710059895615477
-0.32367162899015867
0.14480231905170438
0.8694429144037161
-0.19544828277523946
-0.05358029269457831
0.26338835650887865
-0.03317114037838675
0.2774542543392522
0.027280957724353027
0.13394692731694516
-0.3637822954788218
-0.03131770432122776
0.7702086774473283
-0.2295945496679469
0.014758009160066218
-0.020873677505063117
0.2446680750123838
-0.14239173755946552
-0.22223523322716887
0.04409154358220761
-0.0472553920882412
0.46270149503820523
-0.46890081514451876
-0.42895721734706277
0.31916777452254874
0.04160760008736675
-0.11961037677223756
0.16665680398591695
-0.2327204711250186
0.022684277989802527
0.05115129690658385
0.2161299110539564
0.01157941924687936
-0.8981039113411785
-0.07406830619651444
-0.3552146639008133
-0.22926042469310848
-0.6363660934253244
0.5264991818261012
-0.10129061707114723
-0.09806804837757745
-0.03890159038962814
0.3259300180408104
0.1109495084457759
-0.21590852793403645
0.4167597415899041
0.14345045695553926
-0.028370279821844577
0.3928119139268681
0.34340683654960724
-0.3708422518689272
0.5296052115501833
0.1468706422381655
0.5414179847917167
0.39243989261493206
0.20414217071156524
0.1429460786501253
-0.46887575706504014
-0.24827381247273198
0.03525570103311263
0.10200922315744737
-0.4446383323716695
-0.2032742940393311
0.11234608190373888
0.0830643604428179
-0.8890666204582488
0.9250191701585293
0.3935106516294561
-0.1710782435452224
0.35209819859494523
-0.013589375075253946
0.25360813162020984
-0.26498216729744284
0.13494784729107379
-0.3488812500719388
-0.30405161132555636
-0.1459389390860822
-0.46574577721245425
0.03369005593292687
0.0959748508857148
-0.4749815502382748
-0.0022876816342537656
0.1951144749612776
0.1751169172050076
-0.12331646747800629
0.28414423421320034
-0.22171018057492686
-0.4191727089538619
0.07105341623238785
-0.009002634132866937
0.005220400843410552
0.19182620556310329
0.18370878453667427
0.18229252746182606
0.1134863247801389
-0.6119043506316053
0.03425346660839052
0.18694623344625716
-0.4797923480452706
-0.3809193744887778
0.0787263895855469
-0.342883936627698
-0.37822366775945826
-0.20124662727913417
-0.15951452564160487
-0.07029170167726548
0.2299761098429938
0.014029151115603114
0.30731106922523466
-0.19262813015943167
0.10454182345878375
0.10617558809200436
0.1007769003740217
-0.166268088156889
0.21042889615891094
-0.12250226038864655
-0.4509828255370998
0.02592807156136287
0.023497571879061766
-0.02020565937330176
-0.043971572962540756
0.05372537700047239
0.06174076239214289
0.27242206026186083
0.6894815823297552
-0.28979616202898795
0.020717564872030934
-0.24679562282298564
-0.04836958074115817
-0.07729934838975985
-0.17498505656684893
-0.04798943596374828
-0.3307000161308161
0.03395180536841174
-0.31648096998944136
0.2915329425942051
-0.16176447937241964
-0.5424702804931659
0.2396181151415719
-0.017192368768207143
-0.30799664286768
-0.2169613200949943
-0.31361445686118994
-0.05621635317113825
0.3775225634131155
-0.22374742103164152
-0.1579027741210259
0.01316001606861355
0.07891570249416613
0.168784445236789
0.11986155717093462
-0.17522159962253595
0.13956442451637688
0.21428627937607128
0.20450508297250372
-0.21096584435020838
0.23741409086239168
0.0726615195156966
-0.04297177796743939
-0.4129779278243382
0.12192646828756952
-0.24228853172318127
-0.23522369558043837
