Initialized Storage Matrix:
1.430000 0.000000 0.000000 0.000000 0.030000 0.850000 
0.000000 0.100000 0.000000 0.230000 0.000000 0.850000 
0.000000 0.000000 0.540000 0.230000 0.030000 0.000000 

Iteration 1
Storage Matrix after Check Node Update:
-0.030000 0.000000 0.000000 0.000000 -0.850000 -0.030000 
0.000000 -0.230000 0.000000 -0.100000 0.000000 -0.100000 
0.000000 0.000000 -0.030000 -0.030000 -0.230000 0.000000 

Storage Matrix after Bit Node Update:
1.430000 0.000000 0.000000 0.000000 -0.200000 0.750000 
0.000000 0.100000 0.000000 0.200000 0.000000 0.820000 
0.000000 0.000000 0.540000 0.130000 -0.820000 0.000000 

Iteration 2
Storage Matrix after Check Node Update:
0.200000 0.000000 0.000000 0.000000 -0.750000 0.200000 
0.000000 -0.200000 0.000000 -0.100000 0.000000 -0.100000 
0.000000 0.000000 0.130000 0.540000 -0.130000 0.000000 

Storage Matrix after Bit Node Update:
1.430000 0.000000 0.000000 0.000000 -0.100000 0.750000 
0.000000 0.100000 0.000000 0.770000 0.000000 1.050000 
0.000000 0.000000 0.540000 0.130000 -0.720000 0.000000 

Iteration 3
Storage Matrix after Check Node Update:
0.100000 0.000000 0.000000 0.000000 -0.750000 0.100000 
0.000000 -0.770000 0.000000 -0.100000 0.000000 -0.100000 
0.000000 0.000000 0.130000 0.540000 -0.130000 0.000000 

Storage Matrix after Bit Node Update:
1.430000 0.000000 0.000000 0.000000 -0.100000 0.750000 
0.000000 0.100000 0.000000 0.770000 0.000000 0.950000 
0.000000 0.000000 0.540000 0.130000 -0.720000 0.000000 

Iteration 4
Storage Matrix after Check Node Update:
0.100000 0.000000 0.000000 0.000000 -0.750000 0.100000 
0.000000 -0.770000 0.000000 -0.100000 0.000000 -0.100000 
0.000000 0.000000 0.130000 0.540000 -0.130000 0.000000 

Storage Matrix after Bit Node Update:
1.430000 0.000000 0.000000 0.000000 -0.100000 0.750000 
0.000000 0.100000 0.000000 0.770000 0.000000 0.950000 
0.000000 0.000000 0.540000 0.130000 -0.720000 0.000000 

Iteration 5
Storage Matrix after Check Node Update:
0.100000 0.000000 0.000000 0.000000 -0.750000 0.100000 
0.000000 -0.770000 0.000000 -0.100000 0.000000 -0.100000 
0.000000 0.000000 0.130000 0.540000 -0.130000 0.000000 

Storage Matrix after Bit Node Update:
1.430000 0.000000 0.000000 0.000000 -0.100000 0.750000 
0.000000 0.100000 0.000000 0.770000 0.000000 0.950000 
0.000000 0.000000 0.540000 0.130000 -0.720000 0.000000 

Iteration 6
Storage Matrix after Check Node Update:
0.100000 0.000000 0.000000 0.000000 -0.750000 0.100000 
0.000000 -0.770000 0.000000 -0.100000 0.000000 -0.100000 
0.000000 0.000000 0.130000 0.540000 -0.130000 0.000000 

Storage Matrix after Bit Node Update:
1.430000 0.000000 0.000000 0.000000 -0.100000 0.750000 
0.000000 0.100000 0.000000 0.770000 0.000000 0.950000 
0.000000 0.000000 0.540000 0.130000 -0.720000 0.000000 

Iteration 7
Storage Matrix after Check Node Update:
0.100000 0.000000 0.000000 0.000000 -0.750000 0.100000 
0.000000 -0.770000 0.000000 -0.100000 0.000000 -0.100000 
0.000000 0.000000 0.130000 0.540000 -0.130000 0.000000 

Storage Matrix after Bit Node Update:
1.430000 0.000000 0.000000 0.000000 -0.100000 0.750000 
0.000000 0.100000 0.000000 0.770000 0.000000 0.950000 
0.000000 0.000000 0.540000 0.130000 -0.720000 0.000000 

Iteration 8
Storage Matrix after Check Node Update:
0.100000 0.000000 0.000000 0.000000 -0.750000 0.100000 
0.000000 -0.770000 0.000000 -0.100000 0.000000 -0.100000 
0.000000 0.000000 0.130000 0.540000 -0.130000 0.000000 

Storage Matrix after Bit Node Update:
1.430000 0.000000 0.000000 0.000000 -0.100000 0.750000 
0.000000 0.100000 0.000000 0.770000 0.000000 0.950000 
0.000000 0.000000 0.540000 0.130000 -0.720000 0.000000 

Iteration 9
Storage Matrix after Check Node Update:
0.100000 0.000000 0.000000 0.000000 -0.750000 0.100000 
0.000000 -0.770000 0.000000 -0.100000 0.000000 -0.100000 
0.000000 0.000000 0.130000 0.540000 -0.130000 0.000000 

Storage Matrix after Bit Node Update:
1.430000 0.000000 0.000000 0.000000 -0.100000 0.750000 
0.000000 0.100000 0.000000 0.770000 0.000000 0.950000 
0.000000 0.000000 0.540000 0.130000 -0.720000 0.000000 

Iteration 10
Storage Matrix after Check Node Update:
0.100000 0.000000 0.000000 0.000000 -0.750000 0.100000 
0.000000 -0.770000 0.000000 -0.100000 0.000000 -0.100000 
0.000000 0.000000 0.130000 0.540000 -0.130000 0.000000 

Storage Matrix after Bit Node Update:
1.430000 0.000000 0.000000 0.000000 -0.100000 0.750000 
0.000000 0.100000 0.000000 0.770000 0.000000 0.950000 
0.000000 0.000000 0.540000 0.130000 -0.720000 0.000000 

