0.2687301873303665
0.11272170241870928
-0.18173239838894945
-0.3286580186828624
-0.20595388818110438
-0.016840502015809992
-0.35187076501806475
0.1862256229100026
-0.04850868652599248
-0.11185028117754697
-0.10554365880809503
-0.3756095700766963
-0.07538946665426574
0.2770047543671351
-0.3220964162012052
0.49747044092888704
0.15699331266617322
-0.48527621292288
0.13727157863610925
0.0583907000256364
0.23112188336541936
0.24094492448410568
0.06709375540327914
-0.5394958853721838
0.12138846823980405
0.6027083251604483
-0.24121068390388173
0.37196760732595385
0.03120718234632064
0.09528859066352895
0.19983100399051718
0.5660507195971862
-0.4313038534622334
-0.00568266746082086
0.5841607721324965
-0.034859248525494005
0.5850801919130012
-0.30552080729871384
0.1590198639736582
0.6124867070195279
-0.3695747284424568
-0.47975975378168356
0.22267376043489445
-0.38662795553414775
-0.18059663708883822
0.08176489262350282
-0.5890714875950389
0.3953935934423075
-0.2262676777252868
-0.021078055489226814
-0.5897274988655671
0.04748171924504681
0.23943155638421446
-0.37546931973614484
-0.1683234963428138
0.02686181403313044
0.14031632296017632
-0.3041905414368426
-0.05697756921838491
-0.07952734610330708
-0.01146697668960247
0.42365269164463837
-0.05873690999028248
0.24207326370104637
-0.24839405796123043
0.0916414760287078
-0.1357419760689145
-0.48348730033966897
0.2985646474731017
-0.17023761787388833
-0.015625614318158353
0.46552535128389905
-0.35982043576993356
0.028859711052541998
0.03564657516481026
-0.5007240652153284
0.009935688013557792
-0.035648406249954384
-0.2810819837791561
-0.25147523826399915
0.0983473165361682
-0.14006487088004413
0.15332897541053409
0.17932564453052757
0.005761522298769794
-0.10238166483140998
0.17647683445542572
0.23550197523487593
0.11435736447942642
0.6361251771273664
-0.3808641806727973
0.31620798632807384
0.012854452918700968
0.3503316028572877
0.3053745578710252
0.33467325678491855
0.017565609412588702
0.14958661681333052
-0.4260142977067381
-0.2669778255460844
-0.15193597345331686
0.30564385120712506
-0.5275919668426409
-0.042502806510195563
0.16341762495065143
-0.08529624277984509
-0.42294030842858976
0.053840417523411385
0.0742013662280893
-0.1482929694073401
0.5576135126692074
-0.27094049621196464
-0.18025340011536783
0.0429854676175548
0.4319046270180348
0.4724565082753897
-0.1021102106921695
-0.17090279954129842
0.08001504630086213
-0.31458156860630004
0.26978863836413647
0.14675110029438618
0.047765222970692175
-0.013058046135753442
-0.3635663249237083
-0.21087851931991353
0.3778391448067288
-0.08849090361947977
0.377624369207488
0.10875738440602496
-0.05358562134144314
-0.3007968485067607
-0.34780920288628747
0.19120706611789662
-0.07893016559881635
0.32951347264764885
0.37179112054298136
-0.2712390742428922
0.08145854785213803
0.6849630218429059
-0.14320580012028647
-0.18630294694299498
-0.21925351581226105
-0.2537218186231874
-0.14166572197835814
-0.021008504281915148
-0.2896702583917013
-0.24361865793273044
-0.3289751748794163
-0.10204355888049331
0.4416286182650994
-0.22209229522516682
-0.33448074875130085
0.25044969700924946
-0.098093131098469
0.0961679109752377
0.5468330637582882
0.48871026034170506
-0.2629105111140135
-0.1632095759028946
-0.21647223851503974
-0.36119819917776536
-0.16716850024917193
-0.35895462641295817
0.1146041393759836
-0.2775357266964801
0.03525278225071278
-0.23075304070256047
0.14908458049502532
-0.43859395989874256
0.38044617925919255
0.17689222435603344
-0.46045375108019854
-0.23554814371854985
-0.10157037231873303
0.5246675764432932
-0.07052587589508984
-0.00010325681832462822
-0.6351005634053665
-0.31349798436692
-0.2640647177177582
0.5835700644565239
0.3642652548125034
-0.20856485694972518
0.005203358948734325
0.0014119092864280612
-0.19052019816949606
-0.36889188213015894
-0.12319436582769272
0.07292748641836057
-0.4660825090576007
0.479361327404548
0.46362851084139484
-0.5129360660638104
-0.20567762084463057
-0.2071612407684688
0.33082356140965347
0.21090577485825135
0.26700411584121764
-0.08697384539441426
0.33620094476255247
-0.31786573928687845
-0.059222631891703646
-0.2705998318674948
0.28875100452741326
-0.11236604852656513
-0.27645213390111906
0.7108235701165834
0.2737102704437725
0.21091386761991476
0.4814014331091175
-0.32885964675118623
0.22043442146506845
-0.19565634886612224
0.19718857831732817
-0.10320101042206674
-0.643856563376267
-0.01251982646699252
-0.6253314051129278
0.2831324698193732
-0.2209693136091314
-0.27433432783445255
0.4139587133115985
-0.05234626771391917
0.21285917610275992
-0.1484638586795599
0.10661080213291363
-0.10372498359583714
0.09507896197043615
0.06093760649154877
-0.09967238471490861
0.352226978815107
-0.12422867656758035
0.02428825076930273
0.601676315300678
0.1589793911471026
0.040572736258805545
-0.00897112500204108
0.1483088956806093
-0.060132227539928605
0.002720243608949735
-0.37774150792266
0.2296998248560936
0.20655157385570302
-0.3935410561130975
0.4736427405231432
0.11729568530307427
-0.4351322954155577
-0.014432675929813793
0.4095738328294309
-0.48208419077987197
-0.11289506003918952
-0.16838918312313053
-0.25992778324486665
-0.3225427337803049
-0.05252156731535087
-0.14636772275616033
0.9141474004715302
0.10489648874573483
0.035399817748931056
-0.49856582206550626
0.3184344766080808
-0.007046316816910587
-0.09621714703802559
-0.20608955213343338
-0.5545568204007841
0.2665456428585214
0.07978259033814045
0.12425288468087184
0.2729503731681196
0.04995774476826754
0.1305593697959509
-0.00599867111047572
-0.41647410432869736
0.12949463216028814
-0.30128298589169644
0.3486382209262023
0.09928559026097582
0.052191192600164873
0.19019871632524432
-0.02539274412260288
0.1575074118325086
-0.039837325060911435
-0.757391836896116
0.12469416914701041
0.36135704389805345
-0.11315477555354993
0.24099494947822034
-0.2133681556678924
0.025517867188794167
-0.7566288502814219
-0.004815158644758848
0.0025958106403889884
-0.012431354460996377
0.1742060137368529
0.10481115139903308
0.20536636954244217
-0.2465668909259128
0.0030069082421289423
-0.1262420400190939
0.2699909529995895
0.13331474444809213
-0.41757297345536604
-0.16087314012627216
-0.3047481140475554
-0.3820089949311656
0.24975305501753822
-0.47259716755953163
-0.3735318376749331
-0.4721667456412006
-0.1906752033470031
-0.26265272710869714
0.2766234164060235
-0.7113084568321892
0.4084102820388681
0.44048492639885917
-0.09380166306044918
0.21299438616268979
-0.19999957163730506
-0.24908124336975965
-0.10147529048071544
-0.08824951121305125
0.42317846667725056
0.19279611929769339
-0.42807380053186844
-0.26671288709167496
0.012840204415258048
-0.05085590182084038
0.13505411537070594
-0.62736084877489
-0.08048782309623052
-0.2193677717114109
-0.41184557821052836
0.25031556370964014
0.10161902596608596
-0.058172111877005835
-0.021979782124388413
0.3227071816027304
0.47153700106820046
-0.3347341466578161
-0.331123453467611
0.13080125624793415
0.27339345174984137
-0.07696911454205478
-0.4775375166574791
0.11758355174113061
-0.09616996003726291
-0.17601804424399792
-0.25960053359770774
0.29579314829069336
0.6399900782495808
-0.349203329573742
0.5163411012831842
-0.2509417954931516
0.41724704842543764
-0.23169865903374035
-0.06990908372052461
1.0432757033346847
-0.4853705110083034
0.20532147671739945
-0.3363913456591623
0.2077746988387393
0.2318592538816014
-0.31391227917444103
0.21231469725476795
-0.31483513400729146
0.10137377016840211
0.021651940695375065
-0.8680482707268427
-0.5331947806639423
-0.017198921417908096
-0.0032710593455754075
-0.17659235255071962
-0.02738079408339317
0.5787347320724733
0.13229511901472446
0.09567490360264613
-0.35617245585057966
-0.38920663352991763
0.48953012335033164
-0.056148078810195644
-0.25922469087847083
0.1879489973336744
-0.014943774285059315
0.17807927757627565
-0.21093476489893284
0.09291275598278359
0.010419679752650658
-0.2181843901529161
0.24118236195306253
0.07255454419616908
0.007292639191186339
-0.16725646758872045
-0.08439043883859691
0.2623244904521621
-0.011058639380002568
-0.6033567623856608
-0.6548393651476453
-0.10021176225033841
-0.47668546422974145
-0.07182515151428612
-0.1354963698255387
-0.6150370422732797
0.6697569974568163
0.017290655410937567
0.6513165864522459
0.02713284733603865
0.2491941520144248
0.018471028771835256
-0.32543748962060426
-0.1389465510201156
-0.4705043314503577
0.2939585663955893
0.12480115885762426
-0.010201705465252939
0.17965776319695437
0.19546920663501774
-0.27900944521168813
-0.2273255653566191
-0.04446835353364905
-0.3402206170557734
0.4015046717359203
0.023813762487154277
-0.31030556717326985
-0.07430352292289756
0.10043410434425383
0.028203297872132826
0.5579331449617994
0.057660828368561415
-0.014158119334578726
-0.4671718991567322
0.22653471863795324
0.0043247572204550624
-0.4378627720160726
0.49440874033598026
-0.19335732414087972
-0.10583369658849467
-0.3294873732728
0.09373103301147889
-0.0005634020138067713
