0 17 49 40 47 9 65 69 84 24 22 35 83 6 36 44 1 71 7 79 51 31 86 34 52 4 62 21 30 11 25 88 2 85 64 19 42 5 57 53 78 67 41 76 61 77 43 70 82 58 63 12 50 28 74 8 14 13 39 26 46 38 80 23 72 55 20 54 75 16 33 10 29 73 66 37 27 68 56 59 32 18 15 48 87 81 3 60 
17 49 40 47 9 65 69 84 24 22 35 83 6 36 44 1 71 7 79 51 31 86 34 52 4 62 21 30 11 25 88 2 85 64 19 42 5 57 53 78 67 41 76 61 77 43 70 82 58 63 12 50 28 74 8 14 13 39 26 46 38 80 23 72 55 20 54 75 16 33 10 29 73 66 37 27 68 56 59 32 18 15 48 87 81 3 60 0 
49 40 47 9 65 69 84 24 22 35 83 6 36 44 1 71 7 79 51 31 86 34 52 4 62 21 30 11 25 88 2 85 64 19 42 5 57 53 78 67 41 76 61 77 43 70 82 58 63 12 50 28 74 8 14 13 39 26 46 38 80 23 72 55 20 54 75 16 33 10 29 73 66 37 27 68 56 59 32 18 15 48 87 81 3 60 0 17 
40 47 9 65 69 84 24 22 35 83 6 36 44 1 71 7 79 51 31 86 34 52 4 62 21 30 11 25 88 2 85 64 19 42 5 57 53 78 67 41 76 61 77 43 70 82 58 63 12 50 28 74 8 14 13 39 26 46 38 80 23 72 55 20 54 75 16 33 10 29 73 66 37 27 68 56 59 32 18 15 48 87 81 3 60 0 17 49 
47 9 65 69 84 24 22 35 83 6 36 44 1 71 7 79 51 31 86 34 52 4 62 21 30 11 25 88 2 85 64 19 42 5 57 53 78 67 41 76 61 77 43 70 82 58 63 12 50 28 74 8 14 13 39 26 46 38 80 23 72 55 20 54 75 16 33 10 29 73 66 37 27 68 56 59 32 18 15 48 87 81 3 60 0 17 49 40 
9 65 69 84 24 22 35 83 6 36 44 1 71 7 79 51 31 86 34 52 4 62 21 30 11 25 88 2 85 64 19 42 5 57 53 78 67 41 76 61 77 43 70 82 58 63 12 50 28 74 8 14 13 39 26 46 38 80 23 72 55 20 54 75 16 33 10 29 73 66 37 27 68 56 59 32 18 15 48 87 81 3 60 0 17 49 40 47 
65 69 84 24 22 35 83 6 36 44 1 71 7 79 51 31 86 34 52 4 62 21 30 11 25 88 2 85 64 19 42 5 57 53 78 67 41 76 61 77 43 70 82 58 63 12 50 28 74 8 14 13 39 26 46 38 80 23 72 55 20 54 75 16 33 10 29 73 66 37 27 68 56 59 32 18 15 48 87 81 3 60 0 17 49 40 47 9 
69 84 24 22 35 83 6 36 44 1 71 7 79 51 31 86 34 52 4 62 21 30 11 25 88 2 85 64 19 42 5 57 53 78 67 41 76 61 77 43 70 82 58 63 12 50 28 74 8 14 13 39 26 46 38 80 23 72 55 20 54 75 16 33 10 29 73 66 37 27 68 56 59 32 18 15 48 87 81 3 60 0 17 49 40 47 9 65 
84 24 22 35 83 6 36 44 1 71 7 79 51 31 86 34 52 4 62 21 30 11 25 88 2 85 64 19 42 5 57 53 78 67 41 76 61 77 43 70 82 58 63 12 50 28 74 8 14 13 39 26 46 38 80 23 72 55 20 54 75 16 33 10 29 73 66 37 27 68 56 59 32 18 15 48 87 81 3 60 0 17 49 40 47 9 65 69 
24 22 35 83 6 36 44 1 71 7 79 51 31 86 34 52 4 62 21 30 11 25 88 2 85 64 19 42 5 57 53 78 67 41 76 61 77 43 70 82 58 63 12 50 28 74 8 14 13 39 26 46 38 80 23 72 55 20 54 75 16 33 10 29 73 66 37 27 68 56 59 32 18 15 48 87 81 3 60 0 17 49 40 47 9 65 69 84 
22 35 83 6 36 44 1 71 7 79 51 31 86 34 52 4 62 21 30 11 25 88 2 85 64 19 42 5 57 53 78 67 41 76 61 77 43 70 82 58 63 12 50 28 74 8 14 13 39 26 46 38 80 23 72 55 20 54 75 16 33 10 29 73 66 37 27 68 56 59 32 18 15 48 87 81 3 60 0 17 49 40 47 9 65 69 84 24 
35 83 6 36 44 1 71 7 79 51 31 86 34 52 4 62 21 30 11 25 88 2 85 64 19 42 5 57 53 78 67 41 76 61 77 43 70 82 58 63 12 50 28 74 8 14 13 39 26 46 38 80 23 72 55 20 54 75 16 33 10 29 73 66 37 27 68 56 59 32 18 15 48 87 81 3 60 0 17 49 40 47 9 65 69 84 24 22 
83 6 36 44 1 71 7 79 51 31 86 34 52 4 62 21 30 11 25 88 2 85 64 19 42 5 57 53 78 67 41 76 61 77 43 70 82 58 63 12 50 28 74 8 14 13 39 26 46 38 80 23 72 55 20 54 75 16 33 10 29 73 66 37 27 68 56 59 32 18 15 48 87 81 3 60 0 17 49 40 47 9 65 69 84 24 22 35 
6 36 44 1 71 7 79 51 31 86 34 52 4 62 21 30 11 25 88 2 85 64 19 42 5 57 53 78 67 41 76 61 77 43 70 82 58 63 12 50 28 74 8 14 13 39 26 46 38 80 23 72 55 20 54 75 16 33 10 29 73 66 37 27 68 56 59 32 18 15 48 87 81 3 60 0 17 49 40 47 9 65 69 84 24 22 35 83 
36 44 1 71 7 79 51 31 86 34 52 4 62 21 30 11 25 88 2 85 64 19 42 5 57 53 78 67 41 76 61 77 43 70 82 58 63 12 50 28 74 8 14 13 39 26 46 38 80 23 72 55 20 54 75 16 33 10 29 73 66 37 27 68 56 59 32 18 15 48 87 81 3 60 0 17 49 40 47 9 65 69 84 24 22 35 83 6 
44 1 71 7 79 51 31 86 34 52 4 62 21 30 11 25 88 2 85 64 19 42 5 57 53 78 67 41 76 61 77 43 70 82 58 63 12 50 28 74 8 14 13 39 26 46 38 80 23 72 55 20 54 75 16 33 10 29 73 66 37 27 68 56 59 32 18 15 48 87 81 3 60 0 17 49 40 47 9 65 69 84 24 22 35 83 6 36 
1 71 7 79 51 31 86 34 52 4 62 21 30 11 25 88 2 85 64 19 42 5 57 53 78 67 41 76 61 77 43 70 82 58 63 12 50 28 74 8 14 13 39 26 46 38 80 23 72 55 20 54 75 16 33 10 29 73 66 37 27 68 56 59 32 18 15 48 87 81 3 60 0 17 49 40 47 9 65 69 84 24 22 35 83 6 36 44 
71 7 79 51 31 86 34 52 4 62 21 30 11 25 88 2 85 64 19 42 5 57 53 78 67 41 76 61 77 43 70 82 58 63 12 50 28 74 8 14 13 39 26 46 38 80 23 72 55 20 54 75 16 33 10 29 73 66 37 27 68 56 59 32 18 15 48 87 81 3 60 0 17 49 40 47 9 65 69 84 24 22 35 83 6 36 44 1 
7 79 51 31 86 34 52 4 62 21 30 11 25 88 2 85 64 19 42 5 57 53 78 67 41 76 61 77 43 70 82 58 63 12 50 28 74 8 14 13 39 26 46 38 80 23 72 55 20 54 75 16 33 10 29 73 66 37 27 68 56 59 32 18 15 48 87 81 3 60 0 17 49 40 47 9 65 69 84 24 22 35 83 6 36 44 1 71 
79 51 31 86 34 52 4 62 21 30 11 25 88 2 85 64 19 42 5 57 53 78 67 41 76 61 77 43 70 82 58 63 12 50 28 74 8 14 13 39 26 46 38 80 23 72 55 20 54 75 16 33 10 29 73 66 37 27 68 56 59 32 18 15 48 87 81 3 60 0 17 49 40 47 9 65 69 84 24 22 35 83 6 36 44 1 71 7 
51 31 86 34 52 4 62 21 30 11 25 88 2 85 64 19 42 5 57 53 78 67 41 76 61 77 43 70 82 58 63 12 50 28 74 8 14 13 39 26 46 38 80 23 72 55 20 54 75 16 33 10 29 73 66 37 27 68 56 59 32 18 15 48 87 81 3 60 0 17 49 40 47 9 65 69 84 24 22 35 83 6 36 44 1 71 7 79 
31 86 34 52 4 62 21 30 11 25 88 2 85 64 19 42 5 57 53 78 67 41 76 61 77 43 70 82 58 63 12 50 28 74 8 14 13 39 26 46 38 80 23 72 55 20 54 75 16 33 10 29 73 66 37 27 68 56 59 32 18 15 48 87 81 3 60 0 17 49 40 47 9 65 69 84 24 22 35 83 6 36 44 1 71 7 79 51 
86 34 52 4 62 21 30 11 25 88 2 85 64 19 42 5 57 53 78 67 41 76 61 77 43 70 82 58 63 12 50 28 74 8 14 13 39 26 46 38 80 23 72 55 20 54 75 16 33 10 29 73 66 37 27 68 56 59 32 18 15 48 87 81 3 60 0 17 49 40 47 9 65 69 84 24 22 35 83 6 36 44 1 71 7 79 51 31 
34 52 4 62 21 30 11 25 88 2 85 64 19 42 5 57 53 78 67 41 76 61 77 43 70 82 58 63 12 50 28 74 8 14 13 39 26 46 38 80 23 72 55 20 54 75 16 33 10 29 73 66 37 27 68 56 59 32 18 15 48 87 81 3 60 0 17 49 40 47 9 65 69 84 24 22 35 83 6 36 44 1 71 7 79 51 31 86 
52 4 62 21 30 11 25 88 2 85 64 19 42 5 57 53 78 67 41 76 61 77 43 70 82 58 63 12 50 28 74 8 14 13 39 26 46 38 80 23 72 55 20 54 75 16 33 10 29 73 66 37 27 68 56 59 32 18 15 48 87 81 3 60 0 17 49 40 47 9 65 69 84 24 22 35 83 6 36 44 1 71 7 79 51 31 86 34 
4 62 21 30 11 25 88 2 85 64 19 42 5 57 53 78 67 41 76 61 77 43 70 82 58 63 12 50 28 74 8 14 13 39 26 46 38 80 23 72 55 20 54 75 16 33 10 29 73 66 37 27 68 56 59 32 18 15 48 87 81 3 60 0 17 49 40 47 9 65 69 84 24 22 35 83 6 36 44 1 71 7 79 51 31 86 34 52 
62 21 30 11 25 88 2 85 64 19 42 5 57 53 78 67 41 76 61 77 43 70 82 58 63 12 50 28 74 8 14 13 39 26 46 38 80 23 72 55 20 54 75 16 33 10 29 73 66 37 27 68 56 59 32 18 15 48 87 81 3 60 0 17 49 40 47 9 65 69 84 24 22 35 83 6 36 44 1 71 7 79 51 31 86 34 52 4 
21 30 11 25 88 2 85 64 19 42 5 57 53 78 67 41 76 61 77 43 70 82 58 63 12 50 28 74 8 14 13 39 26 46 38 80 23 72 55 20 54 75 16 33 10 29 73 66 37 27 68 56 59 32 18 15 48 87 81 3 60 0 17 49 40 47 9 65 69 84 24 22 35 83 6 36 44 1 71 7 79 51 31 86 34 52 4 62 
30 11 25 88 2 85 64 19 42 5 57 53 78 67 41 76 61 77 43 70 82 58 63 12 50 28 74 8 14 13 39 26 46 38 80 23 72 55 20 54 75 16 33 10 29 73 66 37 27 68 56 59 32 18 15 48 87 81 3 60 0 17 49 40 47 9 65 69 84 24 22 35 83 6 36 44 1 71 7 79 51 31 86 34 52 4 62 21 
11 25 88 2 85 64 19 42 5 57 53 78 67 41 76 61 77 43 70 82 58 63 12 50 28 74 8 14 13 39 26 46 38 80 23 72 55 20 54 75 16 33 10 29 73 66 37 27 68 56 59 32 18 15 48 87 81 3 60 0 17 49 40 47 9 65 69 84 24 22 35 83 6 36 44 1 71 7 79 51 31 86 34 52 4 62 21 30 
25 88 2 85 64 19 42 5 57 53 78 67 41 76 61 77 43 70 82 58 63 12 50 28 74 8 14 13 39 26 46 38 80 23 72 55 20 54 75 16 33 10 29 73 66 37 27 68 56 59 32 18 15 48 87 81 3 60 0 17 49 40 47 9 65 69 84 24 22 35 83 6 36 44 1 71 7 79 51 31 86 34 52 4 62 21 30 11 
88 2 85 64 19 42 5 57 53 78 67 41 76 61 77 43 70 82 58 63 12 50 28 74 8 14 13 39 26 46 38 80 23 72 55 20 54 75 16 33 10 29 73 66 37 27 68 56 59 32 18 15 48 87 81 3 60 0 17 49 40 47 9 65 69 84 24 22 35 83 6 36 44 1 71 7 79 51 31 86 34 52 4 62 21 30 11 25 
2 85 64 19 42 5 57 53 78 67 41 76 61 77 43 70 82 58 63 12 50 28 74 8 14 13 39 26 46 38 80 23 72 55 20 54 75 16 33 10 29 73 66 37 27 68 56 59 32 18 15 48 87 81 3 60 0 17 49 40 47 9 65 69 84 24 22 35 83 6 36 44 1 71 7 79 51 31 86 34 52 4 62 21 30 11 25 88 
85 64 19 42 5 57 53 78 67 41 76 61 77 43 70 82 58 63 12 50 28 74 8 14 13 39 26 46 38 80 23 72 55 20 54 75 16 33 10 29 73 66 37 27 68 56 59 32 18 15 48 87 81 3 60 0 17 49 40 47 9 65 69 84 24 22 35 83 6 36 44 1 71 7 79 51 31 86 34 52 4 62 21 30 11 25 88 2 
64 19 42 5 57 53 78 67 41 76 61 77 43 70 82 58 63 12 50 28 74 8 14 13 39 26 46 38 80 23 72 55 20 54 75 16 33 10 29 73 66 37 27 68 56 59 32 18 15 48 87 81 3 60 0 17 49 40 47 9 65 69 84 24 22 35 83 6 36 44 1 71 7 79 51 31 86 34 52 4 62 21 30 11 25 88 2 85 
19 42 5 57 53 78 67 41 76 61 77 43 70 82 58 63 12 50 28 74 8 14 13 39 26 46 38 80 23 72 55 20 54 75 16 33 10 29 73 66 37 27 68 56 59 32 18 15 48 87 81 3 60 0 17 49 40 47 9 65 69 84 24 22 35 83 6 36 44 1 71 7 79 51 31 86 34 52 4 62 21 30 11 25 88 2 85 64 
42 5 57 53 78 67 41 76 61 77 43 70 82 58 63 12 50 28 74 8 14 13 39 26 46 38 80 23 72 55 20 54 75 16 33 10 29 73 66 37 27 68 56 59 32 18 15 48 87 81 3 60 0 17 49 40 47 9 65 69 84 24 22 35 83 6 36 44 1 71 7 79 51 31 86 34 52 4 62 21 30 11 25 88 2 85 64 19 
5 57 53 78 67 41 76 61 77 43 70 82 58 63 12 50 28 74 8 14 13 39 26 46 38 80 23 72 55 20 54 75 16 33 10 29 73 66 37 27 68 56 59 32 18 15 48 87 81 3 60 0 17 49 40 47 9 65 69 84 24 22 35 83 6 36 44 1 71 7 79 51 31 86 34 52 4 62 21 30 11 25 88 2 85 64 19 42 
57 53 78 67 41 76 61 77 43 70 82 58 63 12 50 28 74 8 14 13 39 26 46 38 80 23 72 55 20 54 75 16 33 10 29 73 66 37 27 68 56 59 32 18 15 48 87 81 3 60 0 17 49 40 47 9 65 69 84 24 22 35 83 6 36 44 1 71 7 79 51 31 86 34 52 4 62 21 30 11 25 88 2 85 64 19 42 5 
53 78 67 41 76 61 77 43 70 82 58 63 12 50 28 74 8 14 13 39 26 46 38 80 23 72 55 20 54 75 16 33 10 29 73 66 37 27 68 56 59 32 18 15 48 87 81 3 60 0 17 49 40 47 9 65 69 84 24 22 35 83 6 36 44 1 71 7 79 51 31 86 34 52 4 62 21 30 11 25 88 2 85 64 19 42 5 57 
78 67 41 76 61 77 43 70 82 58 63 12 50 28 74 8 14 13 39 26 46 38 80 23 72 55 20 54 75 16 33 10 29 73 66 37 27 68 56 59 32 18 15 48 87 81 3 60 0 17 49 40 47 9 65 69 84 24 22 35 83 6 36 44 1 71 7 79 51 31 86 34 52 4 62 21 30 11 25 88 2 85 64 19 42 5 57 53 
67 41 76 61 77 43 70 82 58 63 12 50 28 74 8 14 13 39 26 46 38 80 23 72 55 20 54 75 16 33 10 29 73 66 37 27 68 56 59 32 18 15 48 87 81 3 60 0 17 49 40 47 9 65 69 84 24 22 35 83 6 36 44 1 71 7 79 51 31 86 34 52 4 62 21 30 11 25 88 2 85 64 19 42 5 57 53 78 
41 76 61 77 43 70 82 58 63 12 50 28 74 8 14 13 39 26 46 38 80 23 72 55 20 54 75 16 33 10 29 73 66 37 27 68 56 59 32 18 15 48 87 81 3 60 0 17 49 40 47 9 65 69 84 24 22 35 83 6 36 44 1 71 7 79 51 31 86 34 52 4 62 21 30 11 25 88 2 85 64 19 42 5 57 53 78 67 
76 61 77 43 70 82 58 63 12 50 28 74 8 14 13 39 26 46 38 80 23 72 55 20 54 75 16 33 10 29 73 66 37 27 68 56 59 32 18 15 48 87 81 3 60 0 17 49 40 47 9 65 69 84 24 22 35 83 6 36 44 1 71 7 79 51 31 86 34 52 4 62 21 30 11 25 88 2 85 64 19 42 5 57 53 78 67 41 
61 77 43 70 82 58 63 12 50 28 74 8 14 13 39 26 46 38 80 23 72 55 20 54 75 16 33 10 29 73 66 37 27 68 56 59 32 18 15 48 87 81 3 60 0 17 49 40 47 9 65 69 84 24 22 35 83 6 36 44 1 71 7 79 51 31 86 34 52 4 62 21 30 11 25 88 2 85 64 19 42 5 57 53 78 67 41 76 
77 43 70 82 58 63 12 50 28 74 8 14 13 39 26 46 38 80 23 72 55 20 54 75 16 33 10 29 73 66 37 27 68 56 59 32 18 15 48 87 81 3 60 0 17 49 40 47 9 65 69 84 24 22 35 83 6 36 44 1 71 7 79 51 31 86 34 52 4 62 21 30 11 25 88 2 85 64 19 42 5 57 53 78 67 41 76 61 
43 70 82 58 63 12 50 28 74 8 14 13 39 26 46 38 80 23 72 55 20 54 75 16 33 10 29 73 66 37 27 68 56 59 32 18 15 48 87 81 3 60 0 17 49 40 47 9 65 69 84 24 22 35 83 6 36 44 1 71 7 79 51 31 86 34 52 4 62 21 30 11 25 88 2 85 64 19 42 5 57 53 78 67 41 76 61 77 
70 82 58 63 12 50 28 74 8 14 13 39 26 46 38 80 23 72 55 20 54 75 16 33 10 29 73 66 37 27 68 56 59 32 18 15 48 87 81 3 60 0 17 49 40 47 9 65 69 84 24 22 35 83 6 36 44 1 71 7 79 51 31 86 34 52 4 62 21 30 11 25 88 2 85 64 19 42 5 57 53 78 67 41 76 61 77 43 
82 58 63 12 50 28 74 8 14 13 39 26 46 38 80 23 72 55 20 54 75 16 33 10 29 73 66 37 27 68 56 59 32 18 15 48 87 81 3 60 0 17 49 40 47 9 65 69 84 24 22 35 83 6 36 44 1 71 7 79 51 31 86 34 52 4 62 21 30 11 25 88 2 85 64 19 42 5 57 53 78 67 41 76 61 77 43 70 
58 63 12 50 28 74 8 14 13 39 26 46 38 80 23 72 55 20 54 75 16 33 10 29 73 66 37 27 68 56 59 32 18 15 48 87 81 3 60 0 17 49 40 47 9 65 69 84 24 22 35 83 6 36 44 1 71 7 79 51 31 86 34 52 4 62 21 30 11 25 88 2 85 64 19 42 5 57 53 78 67 41 76 61 77 43 70 82 
63 12 50 28 74 8 14 13 39 26 46 38 80 23 72 55 20 54 75 16 33 10 29 73 66 37 27 68 56 59 32 18 15 48 87 81 3 60 0 17 49 40 47 9 65 69 84 24 22 35 83 6 36 44 1 71 7 79 51 31 86 34 52 4 62 21 30 11 25 88 2 85 64 19 42 5 57 53 78 67 41 76 61 77 43 70 82 58 
12 50 28 74 8 14 13 39 26 46 38 80 23 72 55 20 54 75 16 33 10 29 73 66 37 27 68 56 59 32 18 15 48 87 81 3 60 0 17 49 40 47 9 65 69 84 24 22 35 83 6 36 44 1 71 7 79 51 31 86 34 52 4 62 21 30 11 25 88 2 85 64 19 42 5 57 53 78 67 41 76 61 77 43 70 82 58 63 
50 28 74 8 14 13 39 26 46 38 80 23 72 55 20 54 75 16 33 10 29 73 66 37 27 68 56 59 32 18 15 48 87 81 3 60 0 17 49 40 47 9 65 69 84 24 22 35 83 6 36 44 1 71 7 79 51 31 86 34 52 4 62 21 30 11 25 88 2 85 64 19 42 5 57 53 78 67 41 76 61 77 43 70 82 58 63 12 
28 74 8 14 13 39 26 46 38 80 23 72 55 20 54 75 16 33 10 29 73 66 37 27 68 56 59 32 18 15 48 87 81 3 60 0 17 49 40 47 9 65 69 84 24 22 35 83 6 36 44 1 71 7 79 51 31 86 34 52 4 62 21 30 11 25 88 2 85 64 19 42 5 57 53 78 67 41 76 61 77 43 70 82 58 63 12 50 
74 8 14 13 39 26 46 38 80 23 72 55 20 54 75 16 33 10 29 73 66 37 27 68 56 59 32 18 15 48 87 81 3 60 0 17 49 40 47 9 65 69 84 24 22 35 83 6 36 44 1 71 7 79 51 31 86 34 52 4 62 21 30 11 25 88 2 85 64 19 42 5 57 53 78 67 41 76 61 77 43 70 82 58 63 12 50 28 
8 14 13 39 26 46 38 80 23 72 55 20 54 75 16 33 10 29 73 66 37 27 68 56 59 32 18 15 48 87 81 3 60 0 17 49 40 47 9 65 69 84 24 22 35 83 6 36 44 1 71 7 79 51 31 86 34 52 4 62 21 30 11 25 88 2 85 64 19 42 5 57 53 78 67 41 76 61 77 43 70 82 58 63 12 50 28 74 
14 13 39 26 46 38 80 23 72 55 20 54 75 16 33 10 29 73 66 37 27 68 56 59 32 18 15 48 87 81 3 60 0 17 49 40 47 9 65 69 84 24 22 35 83 6 36 44 1 71 7 79 51 31 86 34 52 4 62 21 30 11 25 88 2 85 64 19 42 5 57 53 78 67 41 76 61 77 43 70 82 58 63 12 50 28 74 8 
13 39 26 46 38 80 23 72 55 20 54 75 16 33 10 29 73 66 37 27 68 56 59 32 18 15 48 87 81 3 60 0 17 49 40 47 9 65 69 84 24 22 35 83 6 36 44 1 71 7 79 51 31 86 34 52 4 62 21 30 11 25 88 2 85 64 19 42 5 57 53 78 67 41 76 61 77 43 70 82 58 63 12 50 28 74 8 14 
39 26 46 38 80 23 72 55 20 54 75 16 33 10 29 73 66 37 27 68 56 59 32 18 15 48 87 81 3 60 0 17 49 40 47 9 65 69 84 24 22 35 83 6 36 44 1 71 7 79 51 31 86 34 52 4 62 21 30 11 25 88 2 85 64 19 42 5 57 53 78 67 41 76 61 77 43 70 82 58 63 12 50 28 74 8 14 13 
26 46 38 80 23 72 55 20 54 75 16 33 10 29 73 66 37 27 68 56 59 32 18 15 48 87 81 3 60 0 17 49 40 47 9 65 69 84 24 22 35 83 6 36 44 1 71 7 79 51 31 86 34 52 4 62 21 30 11 25 88 2 85 64 19 42 5 57 53 78 67 41 76 61 77 43 70 82 58 63 12 50 28 74 8 14 13 39 
46 38 80 23 72 55 20 54 75 16 33 10 29 73 66 37 27 68 56 59 32 18 15 48 87 81 3 60 0 17 49 40 47 9 65 69 84 24 22 35 83 6 36 44 1 71 7 79 51 31 86 34 52 4 62 21 30 11 25 88 2 85 64 19 42 5 57 53 78 67 41 76 61 77 43 70 82 58 63 12 50 28 74 8 14 13 39 26 
38 80 23 72 55 20 54 75 16 33 10 29 73 66 37 27 68 56 59 32 18 15 48 87 81 3 60 0 17 49 40 47 9 65 69 84 24 22 35 83 6 36 44 1 71 7 79 51 31 86 34 52 4 62 21 30 11 25 88 2 85 64 19 42 5 57 53 78 67 41 76 61 77 43 70 82 58 63 12 50 28 74 8 14 13 39 26 46 
80 23 72 55 20 54 75 16 33 10 29 73 66 37 27 68 56 59 32 18 15 48 87 81 3 60 0 17 49 40 47 9 65 69 84 24 22 35 83 6 36 44 1 71 7 79 51 31 86 34 52 4 62 21 30 11 25 88 2 85 64 19 42 5 57 53 78 67 41 76 61 77 43 70 82 58 63 12 50 28 74 8 14 13 39 26 46 38 
23 72 55 20 54 75 16 33 10 29 73 66 37 27 68 56 59 32 18 15 48 87 81 3 60 0 17 49 40 47 9 65 69 84 24 22 35 83 6 36 44 1 71 7 79 51 31 86 34 52 4 62 21 30 11 25 88 2 85 64 19 42 5 57 53 78 67 41 76 61 77 43 70 82 58 63 12 50 28 74 8 14 13 39 26 46 38 80 
72 55 20 54 75 16 33 10 29 73 66 37 27 68 56 59 32 18 15 48 87 81 3 60 0 17 49 40 47 9 65 69 84 24 22 35 83 6 36 44 1 71 7 79 51 31 86 34 52 4 62 21 30 11 25 88 2 85 64 19 42 5 57 53 78 67 41 76 61 77 43 70 82 58 63 12 50 28 74 8 14 13 39 26 46 38 80 23 
55 20 54 75 16 33 10 29 73 66 37 27 68 56 59 32 18 15 48 87 81 3 60 0 17 49 40 47 9 65 69 84 24 22 35 83 6 36 44 1 71 7 79 51 31 86 34 52 4 62 21 30 11 25 88 2 85 64 19 42 5 57 53 78 67 41 76 61 77 43 70 82 58 63 12 50 28 74 8 14 13 39 26 46 38 80 23 72 
20 54 75 16 33 10 29 73 66 37 27 68 56 59 32 18 15 48 87 81 3 60 0 17 49 40 47 9 65 69 84 24 22 35 83 6 36 44 1 71 7 79 51 31 86 34 52 4 62 21 30 11 25 88 2 85 64 19 42 5 57 53 78 67 41 76 61 77 43 70 82 58 63 12 50 28 74 8 14 13 39 26 46 38 80 23 72 55 
54 75 16 33 10 29 73 66 37 27 68 56 59 32 18 15 48 87 81 3 60 0 17 49 40 47 9 65 69 84 24 22 35 83 6 36 44 1 71 7 79 51 31 86 34 52 4 62 21 30 11 25 88 2 85 64 19 42 5 57 53 78 67 41 76 61 77 43 70 82 58 63 12 50 28 74 8 14 13 39 26 46 38 80 23 72 55 20 
75 16 33 10 29 73 66 37 27 68 56 59 32 18 15 48 87 81 3 60 0 17 49 40 47 9 65 69 84 24 22 35 83 6 36 44 1 71 7 79 51 31 86 34 52 4 62 21 30 11 25 88 2 85 64 19 42 5 57 53 78 67 41 76 61 77 43 70 82 58 63 12 50 28 74 8 14 13 39 26 46 38 80 23 72 55 20 54 
16 33 10 29 73 66 37 27 68 56 59 32 18 15 48 87 81 3 60 0 17 49 40 47 9 65 69 84 24 22 35 83 6 36 44 1 71 7 79 51 31 86 34 52 4 62 21 30 11 25 88 2 85 64 19 42 5 57 53 78 67 41 76 61 77 43 70 82 58 63 12 50 28 74 8 14 13 39 26 46 38 80 23 72 55 20 54 75 
33 10 29 73 66 37 27 68 56 59 32 18 15 48 87 81 3 60 0 17 49 40 47 9 65 69 84 24 22 35 83 6 36 44 1 71 7 79 51 31 86 34 52 4 62 21 30 11 25 88 2 85 64 19 42 5 57 53 78 67 41 76 61 77 43 70 82 58 63 12 50 28 74 8 14 13 39 26 46 38 80 23 72 55 20 54 75 16 
10 29 73 66 37 27 68 56 59 32 18 15 48 87 81 3 60 0 17 49 40 47 9 65 69 84 24 22 35 83 6 36 44 1 71 7 79 51 31 86 34 52 4 62 21 30 11 25 88 2 85 64 19 42 5 57 53 78 67 41 76 61 77 43 70 82 58 63 12 50 28 74 8 14 13 39 26 46 38 80 23 72 55 20 54 75 16 33 
29 73 66 37 27 68 56 59 32 18 15 48 87 81 3 60 0 17 49 40 47 9 65 69 84 24 22 35 83 6 36 44 1 71 7 79 51 31 86 34 52 4 62 21 30 11 25 88 2 85 64 19 42 5 57 53 78 67 41 76 61 77 43 70 82 58 63 12 50 28 74 8 14 13 39 26 46 38 80 23 72 55 20 54 75 16 33 10 
73 66 37 27 68 56 59 32 18 15 48 87 81 3 60 0 17 49 40 47 9 65 69 84 24 22 35 83 6 36 44 1 71 7 79 51 31 86 34 52 4 62 21 30 11 25 88 2 85 64 19 42 5 57 53 78 67 41 76 61 77 43 70 82 58 63 12 50 28 74 8 14 13 39 26 46 38 80 23 72 55 20 54 75 16 33 10 29 
66 37 27 68 56 59 32 18 15 48 87 81 3 60 0 17 49 40 47 9 65 69 84 24 22 35 83 6 36 44 1 71 7 79 51 31 86 34 52 4 62 21 30 11 25 88 2 85 64 19 42 5 57 53 78 67 41 76 61 77 43 70 82 58 63 12 50 28 74 8 14 13 39 26 46 38 80 23 72 55 20 54 75 16 33 10 29 73 
37 27 68 56 59 32 18 15 48 87 81 3 60 0 17 49 40 47 9 65 69 84 24 22 35 83 6 36 44 1 71 7 79 51 31 86 34 52 4 62 21 30 11 25 88 2 85 64 19 42 5 57 53 78 67 41 76 61 77 43 70 82 58 63 12 50 28 74 8 14 13 39 26 46 38 80 23 72 55 20 54 75 16 33 10 29 73 66 
27 68 56 59 32 18 15 48 87 81 3 60 0 17 49 40 47 9 65 69 84 24 22 35 83 6 36 44 1 71 7 79 51 31 86 34 52 4 62 21 30 11 25 88 2 85 64 19 42 5 57 53 78 67 41 76 61 77 43 70 82 58 63 12 50 28 74 8 14 13 39 26 46 38 80 23 72 55 20 54 75 16 33 10 29 73 66 37 
68 56 59 32 18 15 48 87 81 3 60 0 17 49 40 47 9 65 69 84 24 22 35 83 6 36 44 1 71 7 79 51 31 86 34 52 4 62 21 30 11 25 88 2 85 64 19 42 5 57 53 78 67 41 76 61 77 43 70 82 58 63 12 50 28 74 8 14 13 39 26 46 38 80 23 72 55 20 54 75 16 33 10 29 73 66 37 27 
56 59 32 18 15 48 87 81 3 60 0 17 49 40 47 9 65 69 84 24 22 35 83 6 36 44 1 71 7 79 51 31 86 34 52 4 62 21 30 11 25 88 2 85 64 19 42 5 57 53 78 67 41 76 61 77 43 70 82 58 63 12 50 28 74 8 14 13 39 26 46 38 80 23 72 55 20 54 75 16 33 10 29 73 66 37 27 68 
59 32 18 15 48 87 81 3 60 0 17 49 40 47 9 65 69 84 24 22 35 83 6 36 44 1 71 7 79 51 31 86 34 52 4 62 21 30 11 25 88 2 85 64 19 42 5 57 53 78 67 41 76 61 77 43 70 82 58 63 12 50 28 74 8 14 13 39 26 46 38 80 23 72 55 20 54 75 16 33 10 29 73 66 37 27 68 56 
32 18 15 48 87 81 3 60 0 17 49 40 47 9 65 69 84 24 22 35 83 6 36 44 1 71 7 79 51 31 86 34 52 4 62 21 30 11 25 88 2 85 64 19 42 5 57 53 78 67 41 76 61 77 43 70 82 58 63 12 50 28 74 8 14 13 39 26 46 38 80 23 72 55 20 54 75 16 33 10 29 73 66 37 27 68 56 59 
18 15 48 87 81 3 60 0 17 49 40 47 9 65 69 84 24 22 35 83 6 36 44 1 71 7 79 51 31 86 34 52 4 62 21 30 11 25 88 2 85 64 19 42 5 57 53 78 67 41 76 61 77 43 70 82 58 63 12 50 28 74 8 14 13 39 26 46 38 80 23 72 55 20 54 75 16 33 10 29 73 66 37 27 68 56 59 32 
15 48 87 81 3 60 0 17 49 40 47 9 65 69 84 24 22 35 83 6 36 44 1 71 7 79 51 31 86 34 52 4 62 21 30 11 25 88 2 85 64 19 42 5 57 53 78 67 41 76 61 77 43 70 82 58 63 12 50 28 74 8 14 13 39 26 46 38 80 23 72 55 20 54 75 16 33 10 29 73 66 37 27 68 56 59 32 18 
48 87 81 3 60 0 17 49 40 47 9 65 69 84 24 22 35 83 6 36 44 1 71 7 79 51 31 86 34 52 4 62 21 30 11 25 88 2 85 64 19 42 5 57 53 78 67 41 76 61 77 43 70 82 58 63 12 50 28 74 8 14 13 39 26 46 38 80 23 72 55 20 54 75 16 33 10 29 73 66 37 27 68 56 59 32 18 15 
87 81 3 60 0 17 49 40 47 9 65 69 84 24 22 35 83 6 36 44 1 71 7 79 51 31 86 34 52 4 62 21 30 11 25 88 2 85 64 19 42 5 57 53 78 67 41 76 61 77 43 70 82 58 63 12 50 28 74 8 14 13 39 26 46 38 80 23 72 55 20 54 75 16 33 10 29 73 66 37 27 68 56 59 32 18 15 48 
81 3 60 0 17 49 40 47 9 65 69 84 24 22 35 83 6 36 44 1 71 7 79 51 31 86 34 52 4 62 21 30 11 25 88 2 85 64 19 42 5 57 53 78 67 41 76 61 77 43 70 82 58 63 12 50 28 74 8 14 13 39 26 46 38 80 23 72 55 20 54 75 16 33 10 29 73 66 37 27 68 56 59 32 18 15 48 87 
3 60 0 17 49 40 47 9 65 69 84 24 22 35 83 6 36 44 1 71 7 79 51 31 86 34 52 4 62 21 30 11 25 88 2 85 64 19 42 5 57 53 78 67 41 76 61 77 43 70 82 58 63 12 50 28 74 8 14 13 39 26 46 38 80 23 72 55 20 54 75 16 33 10 29 73 66 37 27 68 56 59 32 18 15 48 87 81 
60 0 17 49 40 47 9 65 69 84 24 22 35 83 6 36 44 1 71 7 79 51 31 86 34 52 4 62 21 30 11 25 88 2 85 64 19 42 5 57 53 78 67 41 76 61 77 43 70 82 58 63 12 50 28 74 8 14 13 39 26 46 38 80 23 72 55 20 54 75 16 33 10 29 73 66 37 27 68 56 59 32 18 15 48 87 81 3 
