-0.06891336384622719
0.31284227133738035
-0.0360668214598292
0.3274316269674328
0.28993186086566786
0.3387251375789196
0.17775746243978352
-0.1730896620924932
0.33686608326942924
-0.11599831527776806
0.110685892192286
-0.05366110539319495
0.5109425539276455
0.027108180468883056
0.07233563348976497
-0.2010295121370647
0.1386343846082079
-0.256175327016353
-0.10252069724837205
0.3676858077255488
-0.29981816494696556
-0.17276712028069935
-0.20650249158460818
0.3294421547506332
-0.09977673136839252
-0.33022576200231346
0.11926054242624405
0.5645619170735449
0.014241729945343585
-0.014800209172204034
-0.17860000886168395
0.19933585552423688
0.2929496271895255
0.44578487075538686
-0.21931083734197093
-0.3539546204592561
-0.08048654032574615
-0.017563808805520793
0.13099214400514253
0.37741151710927173
0.6734543682302121
0.21353694555680044
-0.06375895675460905
0.1421553915256621
-0.12412155992810114
-0.34379500204749497
0.2853435232502014
0.016186099327268236
-0.578623186907671
-0.4597042463589376
-0.36755077330139685
-0.057734063032311454
-0.10749745421606635
-0.06571206759598107
0.29409192894051445
0.6556833526242734
0.06929987561151474
0.16757195018658624
0.31552768017800287
-0.5491545827445902
-0.5972802791437817
0.35220535235391054
-0.015046550204476837
0.059202543454693494
-0.05904448329792559
-0.7356108653700385
0.08425348097493159
-0.32723231585990653
-0.03735038312155522
-0.1314201228666144
0.43341360496795606
-0.04558956845951619
-0.5944309142893992
-0.32301671118086595
-0.2644309249950197
-0.5866462786645901
-0.6299828070334965
0.19480918497951044
-0.21365769483197306
-0.22280579780112297
0.5065347924243375
-0.19357824058562045
-0.007569516096379544
-0.12720791676117787
0.2935605806596769
0.37574340373002
0.19395567536447636
-0.2348619843291979
-0.36960354286787805
-0.031716269231117644
0.2326884367892257
0.13124373748124815
0.21112352468042248
0.2341575595513046
-0.34977635712880234
0.21780307890445488
0.3537257484560625
-0.4938496485963977
-0.7155982365759052
-0.16247067200888768
0.16578444601655912
-0.3025999568100989
-0.1674954501871626
0.24123266848564595
0.35067184653379435
0.1490791490861461
0.033558553154851525
0.21217630906317184
-0.31283915673826557
0.10938415289114423
0.39465132015889726
-0.054020116613338394
-0.1901387134639296
-0.27819560681911626
0.3380540604148219
-0.06732727185611126
-0.11787343521482316
0.33823550794503565
-0.25583417792347474
-0.19704389697681354
0.06135016787782033
0.019093527829308902
0.18890535485923884
0.26988670468571874
0.005114575514939344
0.1302073532615695
-0.5946203798500057
-0.3048103732557372
0.09708084773349801
-0.16351297227424713
-0.08284126226172372
0.21809785108201543
0.08449664601096692
0.18105352118058612
0.2946501806363373
0.18056488003820464
0.5579582370590729
0.08818003908696799
0.16142460239018758
0.15253982216324904
0.1718227324398268
0.10779891471307627
-0.25943427306438943
0.5460706241041543
0.3203952306774471
-0.38383862662833085
-0.13021713166847645
0.10577546460208939
-0.19791555777018252
0.11904305464824338
-0.92115588580936
0.10887309613084874
0.29394466377117995
0.19215385099251006
-0.3353670437065368
0.03029728845479286
-0.38483333366761
-0.0875325245420168
0.01626305495826236
-0.014777881270805903
-0.6561537672538199
0.22967160532451578
0.14629442210315696
-0.16974865554457524
-0.3390003655375304
-0.08000377341628748
-0.11332964055466001
-0.11763182729022278
-0.3662755009928556
0.02373676061477359
-0.20403696044263822
0.02270886671928834
0.0008385058258083435
0.2966688264688254
-0.04739545069507571
0.17179083429914824
0.2008670723778155
-0.08083237425556841
0.023529027150116445
-0.022758345893166405
-0.2936658637186338
0.07671487597879845
0.015439023548027514
-0.6727465656555106
0.41046427015304665
0.04881173995537034
-0.17407968009575847
-0.3705753796805156
-0.3571701235799444
-0.11998326465046251
-0.5191146359968902
0.00553115499501812
0.03617983472151756
-0.025635044105581123
0.30802015512974057
-0.028389018959440175
-0.26128849040901453
-0.28490419696678565
-0.5624480679944382
-0.15699991048741557
-0.518080742582044
-0.05434373029612461
0.2630366425505526
0.25171377537302275
0.24051865475007492
0.35095942305745453
0.6626409193082065
0.14817870011878137
-0.10502761771890357
0.20730253144056726
-0.0025075424987614347
0.0033102745971052886
-0.3737133574218305
0.13343735968079842
0.5992875745926945
0.3665816620099061
0.2030293339244645
-0.45635282886353995
-0.578423662326844
-0.026893492712762822
-0.07161742935987551
0.13351786546882055
0.19040177124702132
0.3638096182008591
-0.035561090538908074
-0.09367037105249579
-0.31382695687447953
-0.303819146230729
0.05489073944881954
0.40139899209213903
0.038279849614520904
0.09897862156433238
-0.23281712626616904
0.23811231757053905
-0.1660880026083708
0.1880805657315948
0.5087906883433071
0.47392859642886004
-0.43450583700044265
-0.058456907328444246
-0.05026890981930487
0.288765172821448
0.4694500521317818
0.31728660423006116
-0.13429595956263343
0.18989117593563629
-0.25483001627261714
-0.34626911825904977
-0.016003750469151794
-0.047606578767166265
0.34493611710671424
0.36075546368701183
-0.0953818675185889
-0.16456133150823585
-0.20818217890427523
-0.09119087599912354
-0.35648688057763395
-0.141335640800007
-0.3098957998496825
-0.4622098317591671
0.05231001074685305
0.28238012909745036
0.23877212825816477
0.7101731166621419
0.12141711923503318
-0.45541541366826305
0.16857343171932757
-0.29062551538037146
0.4571231519582408
0.2786007894510398
0.15901227385943537
-0.2731176769633171
0.1758011922900304
-0.35471066441994686
-0.007141340569846808
0.13623108051462818
0.18629906554743986
-0.1039432757954665
-0.06350657697512246
-0.19781580348397823
0.47614796388473085
0.0995985093096065
0.13963584635353016
-0.1291521282669207
-0.01315001150897834
-0.2860025165550129
0.012999457169032964
0.45925668556462157
-0.3821535556851758
-0.46848642509795124
-0.014375022409364275
-0.3447488925042388
-0.4925551796596716
-0.01706630485576098
0.05367149697930094
-0.05644185484009226
0.40724415746064063
0.1251447499711242
0.11599429750222569
0.038428060235040945
0.02588073903730527
-0.08496404814475068
-0.34734050564687047
-0.21775918601359362
-0.004924225938669339
-0.39253985480408704
-0.10874173154561345
0.3059904974060515
-0.1332102576163463
-0.41528735439444814
-0.03795748668775671
-0.29270232668330953
-0.1525578807980922
0.19596476905609783
0.20571554126236868
-0.10833570607627219
-0.005584743119394492
-0.04640975075117651
-0.45600992354895487
-0.41990339250654213
-0.3519204517183195
0.11931305238720623
0.3157184923269466
0.4121427820749853
-0.5158488179530347
-0.21490721228581253
-0.02353676801411087
-0.4897922232114797
-0.04713551726713664
-0.07713082782919077
0.29983158773178736
0.3308863274045178
-0.008808366521123115
-0.2795264428630881
-0.30462472270622015
0.10001266841176114
0.2945299409421006
-0.2447541481415611
0.34379621896405893
-0.04081821081135703
-0.42890239726829915
-0.20796211301970785
0.0843419345961097
0.48150918373713825
0.028776328564463344
-0.1058779215585281
-0.1564280742834677
-0.01040671324080006
0.10868756083397332
-0.4589541277971794
0.013424775278920125
-0.030042523106741954
-0.13320488553750048
0.08747945282981218
-0.07915625000158041
0.2839962399730823
-0.25795041927320633
-0.10185379801780568
0.2748125467532068
-0.11607834286029936
0.21952737268720462
-0.12480498183469672
-0.15655808682200226
0.16488358916127363
-0.36754273541357263
0.07862460849051248
0.05324367684374906
0.31420798428389274
-0.1969314728278176
0.2690727456619616
-0.0012140802154280914
-0.36255582715879087
0.02484777492448348
0.3050303502286867
0.2648639937118167
-0.5192884687387008
0.25244439856275014
-0.03808459689716177
0.33385821938940413
-0.23592666096286763
-0.2155494840615976
0.13036112770297198
-0.16763208605010396
-0.1901179464053568
-0.13257245690409444
0.16753342347461667
-0.03103473589612409
-0.28424024064327014
-0.021677086150548364
-0.105477588097447
0.19371188894577784
-0.03435491931722601
-0.42738294934040993
-0.04067501487333134
-0.3266541476813839
-0.44454904776703286
0.18563237880123235
0.2513977924008388
0.47275134588164786
0.22782707679654624
0.1673838953832209
0.08496931829305526
-0.13550519338819889
0.25590376974671575
-0.14748358321560714
-0.3199574699083413
-0.19404397484875158
-0.33733495273264463
-0.010148665716285471
-0.4929147632852393
-0.1684791501328963
0.28897959141077073
0.04362821706679344
0.020281087116138942
0.3954622774920124
-0.12615943856012748
-0.1612030763307603
0.06982667233138895
-0.3909351085219277
0.010929661521981935
-0.18341792397380413
-0.2140723473034742
-0.38961022349381846
-0.4005909236093699
-0.42598920124632617
0.2497942415307278
0.4178320236501821
-0.12905305642640932
0.04334061692817887
-0.3958350038968822
0.2592451589394567
0.14145090163344406
-0.29895221754870793
-0.20692501660619209
-0.2278326732789249
-0.6587020597689158
0.004023200652583972
0.7172553939557771
-0.11050726920697237
-0.5633118318276553
0.09870652616824105
0.12340693492019487
-0.2425151077725727
-0.20867799074153393
-0.03493527217113217
0.006176536417796358
-0.14115274975779749
-0.07366081847660753
0.2481618744554766
-0.09281089515936199
0.08675147852571519
-0.22416181233076937
-0.4691150950420747
-0.019313232737901607
-0.23304182021939707
-0.05550401079509691
-0.11037730788644255
0.17112944524911916
0.33199503320932566
-0.44578571910263426
0.15894544761911633
0.11602275591431285
0.09771950895575039
0.011562139619911097
-0.1713429172464729
-0.30443977747569406
0.031835623381974494
-0.3307634946018585
0.17859329573756114
0.24654068591741737
0.07633858919017733
-0.2954410215674109
0.2810546171706333
-0.4609128924466256
0.227654171616038
0.002319723115553113
0.17496576069221062
-0.2608746335559882
-0.05534858592062147
0.4151717100778244
-0.025742166505695586
0.2324605179983303
0.18288029331286842
-0.23019244852712245
0.14279363713605092
0.3409410140814632
-0.6957226215015129
-0.34375541712698904
-0.2404952630481889
0.34078198245766905
-0.5284575827416704
0.4174091032108986
-0.6262985358473142
0.3379007005646898
-0.26637960095425844
-0.14097663363715005
0.21327511272937572
0.1264935774978143
-0.30537399348387034
0.09981181756314139
0.14924034390862906
0.02131385144144387
-0.339405774833823
0.21188330923151322
-0.49008635277769963
0.24944963022617986
-0.6960113753789112
0.11899919960990199
-0.04359182009406034
0.20547334957792676
0.07548770669237688
-0.05501649974989442
0.14821160780147993
0.32481847980739154
-0.23827740686466628
0.378260061933545
0.02660588849031935
-0.1289601855233857
0.5962297097217142
0.006738391850162121
-0.16519392836613225
-0.4285235323320022
-0.12764068162121575
-0.09646579531557585
0.018807398049919453
0.40699354083767564
0.3691367080675738
0.6780327647645834
0.10888930943438913
-0.02575054676372893
0.02971798736655792
0.36145518210256533
0.39939967813358235
-0.33072315387610995
-0.09369806529421294
-0.38198301237415344
0.033746320057819246
0.1997454102587692
-0.21677717188114895
0.4659392653417679
0.08014330544004948
-0.357784784030067
0.1983861451840798
0.33919266340913695
-0.16778255239854384
0.2584784690859127
0.5777231306585545
0.04782202764321102
-0.030934419819357954
0.3394137217231772
0.20223932644808618
0.2270573174542834
0.0760184036973622
0.22441362384303035
-0.3831708426949967
-0.536561932747809
-0.38330759920928636
-0.33830266614576515
-0.07573128497746388
0.14312513777047697
0.35800871214097296
0.29136805647939873
-0.14122455856359228
0.21133121662292573
0.21295593074582708
-0.23792999414326593
0.1514577086671813
0.10296905615906161
-0.07981521210354918
0.2640116334379773
-0.12786405022373135
-0.03859807331893583
-0.09771165555096718
0.033627791805732124
-0.17699188199289106
-0.0724236352060211
-0.12526569668792525
0.17722053923915743
-0.18688451905657077
0.32767138991306816
0.16097233402905242
0.1298729343785361
0.3532725302444385
-0.20126548173658287
0.07039626464286611
0.030821556495553525
0.27241138381854957
0.15999247138979014
0.07212470959437486
-0.15597180557581525
0.45261354096078815
-0.35798228839525836
0.31670601823699907
-0.09149035138886749
-0.234911028159697
-0.25017107716291487
0.1166393591147739
0.12617432146619656
0.6317061489992861
0.3483444406498989
-0.0970579102339393
0.0428116889480079
0.19263512180757647
-0.11780723412374071
-0.08881941953639096
-0.00941179395651549
-0.4888954194817985
-0.07239741494549162
-0.2487775251670937
0.009733522615299983
-0.03159812513472359
0.16118110881809822
-0.2820325264501447
-0.4066671371414671
0.09940467398118008
0.30776919502271577
0.18346428990818714
0.11481295776390484
-0.05614714001496986
-0.3276412991346716
0.061342412029356724
-0.31326847786947615
0.24836836563258122
-0.17912114062097673
0.23109587024484451
0.7032310470227069
0.08227770636302224
-0.09525688436256043
-0.04076630979403766
0.16143755557863318
0.10354002790713586
-0.00607292644728329
-0.2933914026224318
-0.2796942776354485
-0.3738436895706194
-0.1221298357000268
0.2526894686630754
0.3905196450998671
0.28908573182715
0.6602055320142484
0.4182200853413699
0.13780971621284718
-0.07596790555487368
0.25650856888738927
-0.2357038284832033
0.05162700664688783
0.000584994509910932
-0.3965457470052837
-0.6228186828346605
-0.024987136880431457
-0.3931274713765298
-0.6056961539262781
-0.20574451668168195
-0.26434738252499385
-0.0430142158854686
-0.36285545006554903
0.19393504629568936
0.24426270254042434
-0.4856697272714797
-0.2073345952845236
0.3891860911893827
0.20800327758874745
-0.1196487890009126
-0.016136591847802605
-0.2789516047751569
-0.035350714304619966
0.34894685968965655
-0.32127405020351674
0.4089985072289005
-0.027356474077807696
-0.23733639687388172
-0.5085279527039239
-0.18905358648816734
-0.4311368889363746
0.22174634085060757
0.06888473922964171
0.35033235892982995
-0.24412502109850592
-0.029443007736269428
-0.04591350189051087
-0.2940529974557105
0.313287170331647
0.6261345329676804
0.17433727091362547
0.24930494325360544
-0.2488546989516678
0.12743026880617458
0.2549047271232271
-0.1725288882693003
-0.4347008289873413
0.1357622488512039
0.20460403779372838
-0.5302977004576247
0.2858184921931245
-0.784028815586463
-0.44659016970559917
-0.06202146122209783
-0.14647975880657066
0.29000875959137395
0.006970632111817048
-0.4257813105882201
-0.2633929638033727
-0.3027938567244294
-0.2970958104116604
-0.20074632232197986
0.03312037505533631
0.08063839760425692
-0.1321181720627643
0.2749303836990971
0.20822263842191965
-0.20315743968945188
0.0660714951750831
0.0545048727473459
0.2342090424248981
-0.36526704532904064
-0.1134355311375095
-0.10786918657097644
0.4446411086142215
-0.1338616066040106
-0.04100945372860226
0.28355252921638646
-0.3873358761981395
-0.12045091661071922
0.1182600978454246
-0.20893219081267808
0.10736336542409022
-0.24158583746892565
0.18285679786855108
-0.6129816120213621
0.224876640538703
-0.02886588841747265
0.20356105516762332
-0.06997187054598951
0.013965798144602899
-0.13689370403969284
-0.14778057393592814
0.20584261790569108
-0.08717383219993151
0.04518394293809482
-0.2584521824295372
0.15692143913225123
-0.07808572032954214
0.2565438814773343
-0.38296471727627246
0.4954252094413976
0.23426945940047933
0.07422634798359094
-0.1877067419694378
-0.2790430179174424
-0.07073656008188771
0.421464525027602
-0.29196048271823777
0.7694416731170522
-0.038373413142533445
0.19417719011951046
0.4800959479903245
0.184678761692068
-0.058228646483071446
0.10784520582191126
-9.874180632993354e-06
0.6039665475316729
-0.14752378168596098
-0.010944382243759753
-0.305013475191047
-0.27581842524756855
0.32873823286389237
-0.07406936500579578
0.3462987252258942
0.22229893712854196
-0.28537466676287776
0.10358001462867723
0.2065089309460398
-0.2766289292604672
0.20877762844740852
-0.34507000141126587
0.12447406500158473
-0.505378288764474
0.13036290887534815
0.179075385519319
0.05487349236435716
0.49507688571605224
0.3550982817473825
-0.04919684328791309
0.2263349186224517
0.1864030583016967
-0.09393912828411742
-0.4887496281127021
0.18422489024631797
-0.17351434923525175
0.3926544765581299
0.21891783715942081
-0.019876611172744304
-0.27330209141655765
-0.09644719466564496
-0.2931810487785633
0.1742304233652834
-0.3614495932904352
-0.03284060651312364
-0.28831306167529985
0.07730423052866009
-0.2791881847554364
0.5710250189800078
0.36448306629839666
0.13819319427400814
-0.27015183508261875
0.044719419232627025
-0.4146273580318536
-0.3166192542265556
-0.5846908212833362
-0.08039601492361383
-0.31981589897443496
-0.3685216882837461
-0.3461967477814166
0.1375051259586862
-0.30406731700897577
-0.23473912502676092
-0.6162650081400275
-0.23502740798326305
-0.2512451280166844
-0.044768523397633084
-0.3846974271120245
0.2438306572098764
-0.2150433507947478
-0.027478500568824137
0.37506297964338625
0.6889796395436536
0.3821400502889679
0.1375624355446329
0.066223073394993
-0.2211904518520923
0.19666610345340627
-0.5270339248755533
-0.0815743687959955
0.006468014123599349
0.11163381596677009
-0.2483270474184345
0.08541761645722105
0.057103455293786236
0.0928701817993882
0.11283504004522528
-0.008965515470986436
0.19151856302975934
0.06644997347356646
0.6502525876126202
0.26379460627075163
-0.10400881356938435
0.34180850248961375
0.7515702523831143
-0.3515708605703696
-0.22374646240958096
-0.15086197192756676
0.14885733003697058
-0.01588206480845737
-0.0024693256512864138
-0.08277002050842125
0.020222409289406086
-0.005937393585505562
-0.5380851106710018
-0.5254952251702192
-0.3115694374236742
-0.0508955172153794
0.046879365158332464
-0.03708781291435281
-0.05694842937161236
-0.35117949468560095
-0.14169598294463825
0.016390526728122943
0.17364127495989065
-0.006555743351268244
-0.07289977172405258
0.38330782209121134
0.40642658482086824
-0.11787225443468054
0.0417454866336119
0.3120311476271498
-0.24975845838345737
0.3350620691295034
-0.00054115914465495
0.19687665385136652
-0.21836847868167666
0.21999686931685614
0.3720281895715974
-0.16012433850338714
0.17586488439421666
-0.31904416787062756
0.5332288698176268
-0.23979133268568734
0.40177897255194117
-0.26531058982631034
-0.42047797184241487
-0.06867677557672211
0.09630415128910308
0.2905643649657849
-0.35237271055198566
-0.32760353317445096
0.48211867145046233
-0.1616545712110151
-0.005628883208740885
0.2271670869520582
0.24027360090471891
0.0395013492459013
0.14308481136540682
0.3655686175579619
0.06323402411664279
0.3138886866128708
-0.3112045762598127
-0.10004644364981821
0.05357225658454718
0.3095134948511352
-0.3213952867672019
-0.16732376539599544
0.0698886489920519
-0.3741868811548212
-0.05383450100403989
0.19373917980161554
0.4040138530050883
-0.2832361911723768
-0.2759893564817311
0.3497675027819621
0.2946622108399165
-0.3056175037161163
-0.6053469795454292
0.32610737270358264
-0.33193818190486024
0.2840883538575339
-0.38392972233855277
-0.0602059306547384
-0.10938133250715835
-0.0923482451851376
-0.12497983552275833
0.07177723291256262
-0.030354966761678058
0.38893329014253153
-0.443626354765153
-0.7851311140734204
0.24725066631389794
0.253077509612305
-0.02284785571985443
-0.10427874157795447
-0.1319737572132101
0.23748038104107208
-0.1040403998007084
0.3465129674954787
0.3979911313801197
-0.040368896935909344
-0.2686374686220027
0.01854313483599035
-0.4619665419458504
-0.10252137369601852
0.37301953085926237
-0.12430318545229828
-0.1366502173451626
-0.05176422323494177
0.12282418177148702
-0.2561747542225899
-0.1688910686934875
-0.3903926151453631
0.47350631352445116
0.39604453400298084
-0.09387372377083063
-0.009575815606118386
-0.28972668812144275
0.1344466055139373
0.5842513157841602
0.2627282545487987
-0.21221880748843827
-0.23256125344539486
0.1279533344405982
-0.511445052162334
0.40913113463344075
-0.03856163915855056
-0.0007367610217659448
0.773182912414545
-0.15422208921637243
0.35148079697174933
0.14925952709815274
-0.54861458512018
0.17242754245307726
-0.33763224069796477
0.44834462311426354
-0.5091815865992547
0.04942235727416374
0.07104620426371003
-0.06389882122574443
0.32540931857604244
0.018525023775035596
0.22108442337218545
-0.4916161098722233
0.15767213285917225
-0.02320171706431694
0.0770662301069097
0.11047440353893517
-0.1033409113248338
0.32792721989504914
-0.3877094262197133
0.28346859541310226
0.6205592272080258
-0.3266933598969327
0.29421246430779624
0.051415808727851155
-0.48794421431343366
0.33853894414751023
-0.09573481184323825
0.021148513354085983
-0.07085153966069284
-0.5090698069783303
0.06069191250133733
0.09235640102337027
0.3401254323079923
-0.10345398553120648
0.03055265997055542
-0.023394250410416574
-0.5638015251557006
-0.49561646778543417
-0.444559601597836
-0.014943762214124356
-0.360838169764168
0.41797846460670884
-0.41156177878336475
-0.05270537541808187
-0.09826077391093899
-0.1190442826566284
-0.1382245979968709
-0.1261306747428605
-0.07372965096449034
-0.326600401900566
0.3262989556881617
0.029828227179489485
0.4203910889768637
0.02562265463110929
-0.05498071526469093
-0.011539854642995126
-0.1842187141390845
-0.13320506144957814
-0.058446699533930425
-0.10081549483610275
0.22147283614856333
-0.3029227422367612
-0.412874594709262
-0.43929523227336204
-0.05457158322385501
-0.44885774919135674
0.22152317933026106
0.1277515441610596
-0.15283171335419052
-0.01670868608897998
-0.18441405324713714
-0.0687830981315121
0.18315725343935402
-0.09242579452724403
0.24947986261387334
-0.010204049879074542
0.09372739137100221
-0.35709617330181526
0.06323810651500515
-0.1571888495527691
0.580182702219959
0.15532853435408828
-0.4278361660751421
0.4205694255699254
0.11927385106308815
0.44214133394845906
-0.33299084603147433
-0.35065002196646583
-0.013394544820432423
0.13277011435009278
-0.24380983928396804
0.7426621641732365
0.07963491810167735
-0.19799045991872266
-0.22304916112877238
-0.18819417426958213
0.39710078326653175
-0.030072809065076873
0.3376600068629508
0.06500271162769214
-0.08035227379842383
-0.35237726868819447
0.39228229869891973
-0.08872362721189364
0.15717723122978638
0.4753422324414542
-0.12266532252303926
-0.16161318697147675
-0.47361042628061634
-0.30191859745397015
-0.3848291808650651
0.007915473119574865
0.2596065475800884
0.06393188479456943
-0.2485074440075083
-0.6789900249192103
0.007730924495259709
0.1786242565965454
-0.18201353047338892
-0.18838296560394202
-0.3734413609459908
0.11497228858239708
-0.057907004310174655
0.6963623685060222
0.6773651462944947
-0.2606294270616635
-0.2420021130981024
0.11086134178784984
-0.06631195558016516
0.3077063580551252
0.417732872243455
-0.005946586005936693
0.12050341645612152
-0.49077481956102065
-0.5736688226820772
-0.2462788064519657
-0.024384562633264193
0.06661444753433961
0.15759660928289343
0.20462036294356312
-0.34905306930268576
0.10811184343027297
-0.07828888900361526
0.27235203770334254
0.47432836105409776
0.1930513195265319
0.9921724719965176
0.015832085521030683
-0.1103538342722495
0.272871518330469
0.34549883896801464
0.04179046772921574
-0.25555529991600445
0.06476552732140466
-0.22281671937163924
-0.48976188770338386
0.5020481812655798
-0.6176488377965588
-0.028153787963441795
-6.134346853511164e-05
-0.11170799983361221
0.10333868008358497
-0.4607263166156465
-0.09976845253707332
0.3992069601380941
-0.2066561643481695
0.1415470339364772
0.1460152633082091
-0.024624329642653986
0.4409973065142097
0.23339476354857241
-0.12541469732221772
-0.1053065776659468
-0.07382380253351527
-0.017321813357853353
0.2774593819234754
0.2416832293362268
-0.38515132680507486
0.2315746921020414
0.08680636891998803
0.05116542772239681
-0.032470836014816463
0.10523452282739659
-0.19327825425675077
0.23956845034449334
0.2626116082525095
-0.010287335510836805
-0.05180165858358581
-0.14233170007775378
-0.015501214613245457
0.16711329899735106
-0.31832895573623715
0.10493373272980747
0.4100947795478481
0.3285912700324238
0.014111633739325577
-0.33105014950482736
-0.03894436525737462
0.09116848403552542
0.14813362476395925
-0.7692314127138393
0.3943699817635017
-0.20158378652989248
0.16882292291576637
-0.26165878589235636
0.16168802245303723
-0.15462333257422411
-0.21007810969270138
0.22145900856994866
0.02429868956172859
0.3544795041223914
0.06626621731669897
0.28821050673111265
-0.14781804228642542
-0.46721425281547546
-0.005762511976911382
0.21582036801605592
0.037867030118659314
-0.45089708215161106
-0.10462108652492948
-0.23709855367730392
0.005547015494875611
0.3067949544828418
-0.3074919154396352
0.042606688624298054
-0.38462191710567095
-0.10186030499444333
0.37685494300482725
0.08215101970853253
0.03022191251456125
0.12410331721850493
-0.013501378726358787
-0.25121543080671427
-0.027280694511274677
-0.0009995460814593955
-0.09319523288432625
0.02245157764785452
-0.27226262032900506
-0.011784176458960712
-0.18718084581468408
0.4404165019931623
0.11949816178986408
0.3473260337849966
0.2674177981710152
-0.39366773035677544
-0.3365969319199897
-0.4500116792054913
-0.2306266480355446
-0.36549649117613586
0.187528504057013
-0.24253518118753012
-0.1046800881371712
-0.30782536503407015
-0.036631246472989196
-0.33639508056447875
0.05014664788232044
0.010990749970430435
0.08954624639384132
0.07382459377448977
-0.3055613878919608
-0.1219242862219982
0.14281088243026543
0.3406252281502915
0.2947564707258346
0.15223774382209052
0.015348528230591107
-0.10668803227861377
-0.24457993304359707
-0.3215606159652182
-0.3083165117765791
-0.075996628209708
0.10755073483340456
-0.1444403876553487
-0.09950670993969946
-0.340230367430906
0.28836531405773397
-0.303467520304195
-0.03179435815217329
-0.38412221372905403
-0.3252831394684222
-0.6340013445422732
-0.016188751338828085
-0.2708088511681703
0.08499460258898833
0.3546044774962962
-0.12332085773814783
0.014642459774281516
0.202947512467371
-0.25241044996349343
0.06382802861213993
0.14526106509936001
-0.15471196778831842
-0.2821010133157297
-0.1534284441209684
0.1403501453754333
0.6135342775262018
0.5573168952982642
0.27472414019867314
0.4893658747752822
0.14661975661941845
-0.06141947835257972
0.14294251386170423
0.23620638485534753
-0.21647807818443116
-0.08192825989266872
-0.39737730403515126
0.12616529157352283
-0.14094687949480006
0.028153071618645616
0.320661037796441
0.07213743165085573
-0.19838682840148902
-0.39008873871855343
0.12170598312658548
0.14285697875582323
0.10212023974239287
-0.17168214115386884
0.23625486797881873
-0.12504611408718236
0.21077880344867603
0.24527093348473913
0.1639968864856179
-0.08645987420605442
0.3253204656194383
-0.2985158020884624
-0.33265747856897043
0.44425256310933064
0.5149447401010889
0.3364601635505832
0.44755067449278285
0.46750029794523384
0.044396318822957685
-0.06725648689365811
0.1680546298866396
-0.3386588240392504
-0.05886535959845204
-0.0309556431752521
0.021660602693774487
0.23481905727306548
-0.10834308895952612
0.16042487808915362
0.24899619001740644
-0.5160079447412924
-0.16935698327557006
0.5017901634755193
-0.08596544482202757
0.7305250525448787
0.3841100608241378
-0.14976810445862632
0.3174611328258498
-0.24773592564274768
0.38876331271042813
0.3752143779660374
0.21155040424993743
0.3937246323104792
-0.21248909239543676
0.20796389604798646
-0.23959641426616987
-0.19967829515820326
0.017360795870219856
-0.21843268708439526
-0.0778924377682523
-0.7498225085766205
-0.22069364955354767
0.6422837234053514
0.055439520830534814
0.09738549736577205
0.16532996424408117
0.08639802105267588
0.41226341662285704
0.12717671519729257
-0.4488173655433665
0.30476361219219433
0.5063036433461506
-0.4230686223729581
-0.15061386730269946
0.10360856826144013
0.12187125154368698
-0.3269909293159787
-0.168848747206227
0.1952004610381899
0.027225130652627813
-0.24161086455279698
0.24884912424072922
-0.20767479939079625
-0.37749078384271373
-0.005255774579530417
0.09517589183574819
0.07101475017773183
-0.02912755672452753
-0.24493884158246598
-0.44090593054496585
0.36718723144011284
-0.32324617146422635
-0.03921392900493087
0.09208366970263394
0.40476445112784804
0.07461926488196392
-0.1932581658304069
0.24279103514480857
-0.29301912422212395
-0.27093231549761
-0.3651678324452468
-0.33115704489596415
0.11843272021018489
0.21323339430339022
-0.8501350475829373
0.15888153487873244
0.2735038517525839
0.2509346687924492
0.23194010506821477
0.14326173318773153
-0.008684011607487864
-0.20957005834552117
0.23824953004375884
-0.08174837246530323
-0.12190372651424063
0.05793679466024227
-0.06477974303178224
0.1039756034744292
0.33267789371574713
-0.4126677028384759
-0.017372485183173463
-0.051821308358588995
-0.0777828142557372
-0.6691470991408691
0.27183748593352575
-0.024680995571216422
0.027894944580278493
0.2712078439398905
0.3426461615061615
0.20006576624658778
-0.02437315833739076
-0.021904811598141838
-0.29224973866447335
0.07216990090828745
-0.32381731891755733
0.27309744451027546
-0.6646429577566565
0.06627602444630284
0.12303687680034499
-0.40389382124487355
-0.44892675711942576
0.2829354244841482
0.4447673233015367
0.4636747537026909
0.2545133551944053
-0.06456381376034885
-0.09335999971546335
-0.32422155563942745
0.014807718788231814
-0.4048482277724152
0.2728379304396028
-0.6683809031213404
0.23710906892064362
0.012791000283421065
0.27803121514515855
0.3458133581159939
-0.17176083488583826
-0.5093586856119561
-0.14470380044507214
0.26614436807351055
-0.29358713667333525
-0.35265706200808444
0.10773821278690776
0.6034390487248572
-0.9411930568725642
-0.45256954460461685
0.2910599992790827
-0.25048642698436024
-0.2016231003820709
0.2851024017195334
0.02315191394024061
-0.05326329579799666
0.2581948225186367
-0.017756473936182397
0.4534832145794948
0.09806443642716745
0.12554985683288128
-0.16553605786014758
0.024465561430382754
-0.17217543289861947
-0.01316240938439379
0.2926554276826435
0.2244362653402637
-0.1678359049209733
0.07518068932512757
-0.30087083596485026
-0.0848494820823212
0.04584677248451099
-0.026285919262366772
-0.05323515963067473
0.08412634534040095
0.035413120850783804
0.24355928340073518
0.41197942195347514
-0.0195524878728514
-0.08778218587298987
-0.5297017987141143
0.37502031706407407
0.1707802147548558
0.11079045157475231
0.12151500947751856
-0.412416302695494
0.15305205371439817
-0.5884073629860134
0.4798367639696058
0.10426897712606092
-0.055961241093699064
0.09625048813321292
-0.8076534079269734
0.1964169729706859
-0.32327820470144625
-0.3194975350162504
0.034357060401368
0.5128256566132928
-0.174403273407784
0.14365272760979955
0.5838154342240328
-0.2281050362373188
0.2898771923822234
0.13016315618826615
0.03813585077345513
0.12355214046632332
0.42504997139416717
-0.18216651579815563
-0.21578025234747314
-0.3249046762438265
0.41061228139763956
0.40450505182145285
0.09849436476070507
0.0038532980831058653
-0.39531421493015867
-0.19267556571976205
0.27816531666157857
0.34158980184394006
-0.582824410449388
0.0697447521951363
0.31090870727295006
0.3541586911911193
-0.3657574601213022
0.0386544724085931
-0.21593311903389104
0.9820732368709281
-0.4578731402243616
-0.5434594922955028
-0.07052669252964472
0.0661329654002707
-0.4098493241531327
-0.5352402384133254
0.30786866714077366
0.13007041637232164
-0.27283345256459907
0.2879235224811017
-0.08679022808930921
0.050531669118031954
-0.19945126335878025
0.2040117405201301
-0.0064226000052951815
0.35547054320345056
0.026868723287396052
0.1555157640574154
0.014659474644430938
0.02063586927138329
-0.591531111729513
-0.08666318362169194
0.2258312684885969
0.1355543771443491
-0.11379803688065347
0.3554883830494775
-0.007672028796559008
-0.34211760687829834
-0.3851346034728504
0.19407754876853875
-0.4839705049040951
0.12610073085665563
-0.06665939630123811
0.2402463513143559
0.1646602430284
0.29934206852802797
-0.03554154684055339
-0.3492639896144545
0.37132843936113824
0.03131177233150126
-0.43521071819078605
-0.059708845201434047
-0.3611889437832155
-0.05900609970990839
0.31911265346279505
0.016808540164003606
0.3108310271943431
-0.2600293359565732
0.19927274045954377
-0.13547136086876613
-0.07005738117089907
0.43094591652142317
0.3694465786208267
-0.26343355954075925
-0.43320123778561376
0.09441591484479851
-0.011115065340958708
-0.34132351803720895
-0.24039040202990972
0.5165451198080456
-0.6209367317816171
-0.11922110257203639
-0.013447474653637978
-0.029395232446416227
-0.5191097002426533
0.43874256030639835
0.10692570896796763
-0.09536041274134782
-0.14735798315173237
0.4171623951647147
0.25315121581634353
0.21511854452485932
0.3503813334801357
0.5366852631590243
0.45232747195519046
0.23049457740829624
0.2248392779842858
-0.07052950635192635
-0.039612608920365965
-0.19341756042945144
-0.1944826212674051
0.18057593394997484
-0.23208056679435132
-0.14823082448214428
0.057039236150422126
0.013190814442175987
-0.0599468708490551
-0.0037141115816719363
0.13119393123446044
-0.15428484292056366
0.45828111275236927
-0.38567683895059934
0.3908553082038471
0.46107662880407635
0.43777831376975646
-0.2857712221676271
-0.1442126885078781
0.20026763061940117
-0.3136272415092538
0.2501378456625576
-0.0887939928811802
-1.0845570916848681
0.20021655147215836
0.0620267762761294
-0.1101982852326093
-0.2319102748946194
0.060232573937324826
-0.24041655404502865
-0.5025458520733309
-0.0490114819350396
0.19081092693594848
-0.3463775487280332
0.18476981641423745
-0.24415472379296446
-0.3831528812477848
0.37244559456908494
0.08872368952889594
-0.580179846025666
0.07550235390735074
0.05839265558408265
-0.3124755789077606
-0.017199177961831746
-0.430165554534935
-0.16789575684605818
-0.5125647256661748
-0.1266051188641237
0.06690766276791808
0.007301068263832197
0.04154194042881775
0.14633333705967191
-0.1655482253336313
-0.737444928845534
-0.05076833235040723
-0.5952338965477645
0.4171662439577854
0.20070200928054113
-0.23719292852379087
-0.002851119861914775
-0.1261010626608477
-0.28141488192555864
-0.24992138403172007
0.01660255697145999
0.0061412972935860595
0.8538166810465854
0.17946844914624477
-0.18849472686779817
-0.31738684392428496
-0.14496476995264562
0.03963026950688675
-0.11585368761524557
0.06669368136340342
-0.14587199997248038
-0.07396613836165031
0.18414819656513925
0.06804889932029373
0.4017026616180038
0.06643596562220513
0.4103632217719755
-0.19921357582760013
-0.043341378350671395
-0.13916597254929916
-0.14373833811808173
0.4448890856747715
-0.13529372194839093
-0.4485340651925331
0.11114605818840272
-0.13200914857421914
-0.04983758751144585
-0.6965232107861474
0.06915232861122281
-0.062344328036135474
-0.15320914923543202
0.43403840150973083
0.31298920185798434
0.5101913491938418
-0.5385160557146292
0.01747827554209154
0.07865537772772316
0.3877202274758244
0.209916507610294
0.09511433961723198
0.3304148888005102
-0.5275609531927018
0.05882498406964904
0.13709724227731723
0.12259341516551192
-0.7637274467337585
-0.17094249930961322
0.18883088412252927
0.5368992679348645
-0.5353939934088973
0.12025028523073496
-0.010650910379796244
-0.1891417509881688
0.441519285603443
-0.3738129580070509
-0.4688472569533315
-0.26401957186746533
0.48698889899995074
-0.01632602000446053
0.21153027538139924
-0.3710623870382864
0.0977073817957184
-0.019683290198990344
0.1428181519964072
-0.18142180785074355
-0.1101349529242245
0.4064115464099332
0.329665865755097
-0.6556700662706626
-0.2452244486637443
-0.12932770967031612
-0.18105155268523032
0.07240003884249986
0.027331302271160075
-0.3015836738416103
0.2793546535203922
-0.5073498933509266
-0.22778624300362202
-0.09693021719637708
0.220907958072332
0.2680477292847053
-0.5676630264851084
-0.24947177639432272
0.018851514889097053
0.15863148020644638
-0.1450381399649645
-0.27992838287970734
-0.1568625853987491
-0.09647589488096103
0.1253686366036799
0.2541987168992904
-0.02229578141288189
-0.4701748899320823
0.11777179050139368
0.24432442018501846
0.3274604461457132
-0.5036912446038373
-0.2153472863956449
-0.3924258347352398
